0.0 -0.33568126619095007 -0.6431471531601399 1.3652868559278288
0.20161290322580644 -0.3928830651696198 -0.6883646327014742 1.3528890534442515
0.4032258064516129 -0.4415826945415499 -0.7306575841500339 1.3402058274345476
0.6048387096774193 -0.4835097534260019 -0.7700919553234092 1.326901206509604
0.8064516129032258 -0.5200821065389815 -0.806749755811096 1.3128308530887123
1.0080645161290323 -0.5523029764919847 -0.840716762934202 1.298096314476348
1.2096774193548385 -0.5808961530528746 -0.8720811586363287 1.2829772104178447
1.411290322580645 -0.6064069467313712 -0.900951006121651 1.2678310499578216
1.6129032258064515 -0.6292615271404337 -0.9274638391785512 1.2529935422322118
1.814516129032258 -0.6498023526271192 -0.951783263132944 1.2387064578196267
2.0161290322580645 -0.6683106363821024 -0.9740908683036467 1.2251022526966338
2.217741935483871 -0.6850214126254678 -0.994578343650674 1.212228541369202
2.419354838709677 -0.7001340653110466 -1.0134414026728937 1.2000797390388376
2.6209677419354835 -0.7138198982845002 -1.030875629316716 1.1886207922933545
2.82258064516129 -0.7262276908199136 -1.0470738431966762 1.1778020830518854
3.0241935483870965 -0.7374878423533879 -1.0622245124154237 1.1675682906658775
3.225806451612903 -0.7477155113634084 -1.0765107754361571 1.1578635493471932
3.4274193548387095 -0.757013028094432 -1.0901095953051312 1.1486343378865307
3.629032258064516 -0.7654717777181115 -1.1031902876277933 1.1398309641878661
3.8306451612903225 -0.7731736936003228 -1.1159107592606772 1.1314081868271728
4.032258064516129 -0.780192460633298 -1.1284079047425148 1.1233253243548567
4.233870967741935 -0.7865945006136298 -1.1407789590573687 1.1155460780604904
4.435483870967742 -0.7924397918163235 -1.1530646839152425 1.1080382096745092
4.637096774193548 -0.7977825607992973 -1.1652587144535775 1.1007731593893026
4.838709677419354 -0.8026718743839144 -1.177331473170105 1.0937256533367266
5.040322580645161 -0.8071521525124803 -1.189238259564144 1.0868733270302926
5.241935483870967 -0.8112636174518038 -1.2009182476827358 1.0801963776443955
5.443548387096774 -0.8150426910083934 -1.21229809861656 1.0736772500947591
5.64516129032258 -0.8185223486353219 -1.223300618554946 1.067300357507777
5.846774193548387 -0.8217324372552767 -1.2338544445809372 1.0610518344031445
6.048387096774193 -0.8246999620966584 -1.2439017087437385 1.0549193198764002
6.25 -0.8274493466971645 -1.2534023713257063 1.048891767715522
6.451612903225806 -0.8300026693708796 -1.262335269529934 1.04295928039775
6.653225806451612 -0.8323798787877571 -1.2706966854313173 1.0371129641035148
6.854838709677419 -0.8345989908256168 -1.278497455710195 1.031344802150005
7.056451612903225 -0.836676268485318 -1.2857595176320564 1.0256475445308664
7.258064516129032 -0.8386263863802134 -1.2925125159707196 1.0200146115230022
7.459677419354838 -0.8404625810991978 -1.2987908249110829 1.0144400095732093
7.661290322580645 -0.8421967885814566 -1.3046311316969428 1.0089182579023903
7.862903225806451 -0.8438397695174182 -1.3100705962335983 1.0034443244630558
8.064516129032258 -0.845401223694234 -1.3151455295067918 0.998013570058781
8.266129032258064 -0.846889894127804 -1.319890503977544 0.9926216995850119
8.46774193548387 -0.8483136617610088 -1.3243378041155 0.9872647194817751
8.669354838709676 -0.8496796314552351 -1.3285171329718264 0.9819389006030828
8.870967741935484 -0.8509942099562381 -1.3324555037061296 0.9766407458076942
9.07258064516129 -0.8522631764737973 -1.3361772590721335 0.9713669616629559
9.274193548387096 -0.8534917464758691 -1.3397041749271996 0.9661144337298194
9.475806451612902 -0.8546846292611537 -1.343055614986359 0.96088020496409
9.677419354838708 -0.8558460798385246 -1.3462487130903573 0.9556614568275591
9.879032258064516 -0.856979945607359 -1.3492985663315034 0.9504554927541689
10.080645161290322 -0.8580897082993201 -1.3522184277538092 0.9452597236616616
10.282258064516128 -0.8591785216095951 -1.355019891324123 0.9400716552386487
10.483870967741934 -0.8602492449140675 -1.357713064751882 0.9348888767719673
10.685483870967742 -0.861304473438503 -1.360306727771127 0.929709051309485
10.887096774193548 -0.8623465652166764 -1.3628084748988751 0.9245299069803746
11.088709677419354 -0.8633776651465906 -1.3652248426155114 0.9193492293180572
11.29032258064516 -0.8643997264276067 -1.3675614215063943 0.9141648544514132
11.491935483870966 -0.865414529636502 -1.3698229542630973 0.9089746630477613
11.693548387096774 -0.8664236996772513 -1.372013420651508 0.9037765749064706
11.89516129032258 -0.8674287208176755 -1.3741361106828396 0.8985685441156056
12.096774193548386 -0.8684309500060594 -1.376193687341293 0.8933485546958719
12.298387096774192 -0.8694316286423414 -1.3781882404213863 0.8881146166661315
12.5 -0.8704318929615179 -1.3801213334706213 0.8828647624738193
12.701612903225806 -0.8714327831713952 -1.3819940468037712 0.8775970437411671
12.903225806451612 -0.8724352514727376 -1.383807021475223 0.8723095282848217
13.104838709677418 -0.8734401690770955 -1.3855605123311754 0.867000297372274
13.306451612903224 -0.8744483323261066 -1.387254462342015 0.8616674431834996
13.508064516129032 -0.8754604680057406 -1.3888886123343769 0.8563090664504504
13.709677419354838 -0.8764772379397628 -1.390462653254359 0.8509232742509728
13.911290322580644 -0.8774992429385136 -1.3919764062212003 0.8455081779367967
14.11290322580645 -0.8785270261718813 -1.3934299869217044 0.8400618911781293
14.314516129032258 -0.8795610760290277 -1.394823902479153 0.8345825281098332
14.516129032258064 -0.8806018285219012 -1.3961590596915465 0.8290682015662487
14.71774193548387 -0.8816496692848244 -1.3974367112222774 0.8235170213935343
14.919354838709676 -0.8827049352183761 -1.3986583877800436 0.817927092830058
15.120967741935482 -0.8837679158223404 -1.3998258481604757 0.812296514946685
15.32258064516129 -0.8848388542596428 -1.4009410495998484 0.8066233791400532
15.524193548387096 -0.8859179481908389 -1.4020061201438978 0.8009057676730214
15.725806451612902 -0.8870053504168192 -1.4030233105514682 0.795141752257324
15.927419354838708 -0.8881011693659068 -1.403994920206375 0.7893293926743821
16.129032258064516 -0.8892054694603511 -1.404923225044081 0.7834667354309209
16.33064516129032 -0.8903182713963433 -1.4058104985190762 0.7775518124466893
16.532258064516128 -0.8914395523709789 -1.4066587709479996 0.771582639772232
16.733870967741936 -0.8925692462890349 -1.407470047550263 0.765557216335097
16.93548387096774 -0.8937072439819315 -1.4082463048824037 0.7594735227135708
17.137096774193548 -0.894853393470687 -1.4089894745249774 0.7533295199372655
17.338709677419352 -0.8960075003040254 -1.4097014292161905 0.7471231483145171
17.54032258064516 -0.8971693280019098 -1.4103839716508784 0.7408523262869418
17.741935483870968 -0.898338598633591 -1.4110388259788298 0.7345149493118261
17.943548387096772 -0.8995149935576875 -1.4116676318852066 0.7281088887735871
18.14516129032258 -0.9006981543497469 -1.412271995829054 0.7216319909258593
18.346774193548384 -0.9018876839401389 -1.4128533046497918 0.7150820758662177
18.548387096774192 -0.9030831479819004 -1.413412926156599 0.7084569365459327
18.75 -0.9042840764643061 -1.4139521491826434 0.7017543378176904
18.951612903225804 -0.9054899655834124 -1.414472175520931 0.6949720155245622
19.153225806451612 -0.9067002798757072 -1.414974123508038 0.6881076756340339
19.354838709677416 -0.9079144546152895 -1.4154590229005721 0.6811589934214274
19.556451612903224 -0.9091318984688666 -1.4159277948648339 0.6741236127075162
19.758064516129032 -0.9103519963963952 -1.4163813859718095 0.6669991451557685
19.959677419354836 -0.9115741127785917 -1.4168206216380372 0.6597831696351814
20.161290322580644 -0.9127975947460332 -1.417246263130421 0.6524732316553298
20.362903225806452 -0.9140217756783657 -1.4176590117326737 0.64506684288092
20.564516129032256 -0.9152459788365029 -1.418059512507807 0.6375614807338469
20.766129032258064 -0.9164695210858463 -1.4184483577554818 0.6299545880915364
20.96774193548387 -0.9176917166647804 -1.4188260367417405 0.6222435730910726
21.169354838709676 -0.9189118809500815 -1.419194496537388 0.6144258090496268
21.370967741935484 -0.9201293341696763 -1.4195530874587607 0.6064986345124687
21.57258064516129 -0.921343405013426 -1.4199022061016688 0.5984593534408892
21.774193548387096 -0.9225534340943075 -1.420242191415535 0.5903052355533731
21.9758064516129 -0.9237587772155061 -1.4205733295680456 0.5820335168344317
22.177419354838708 -0.9249588084033623 -1.420895861669466 0.5736414002267491
22.379032258064516 -0.9261529226716627 -1.4212099936795413 0.5651260565233246
22.58064516129032 -0.9273405384892122 -1.4215159068163485 0.5564846254778376
22.782258064516128 -0.928521099929659 -1.4218137665623716 0.547714217152481
22.983870967741932 -0.9296940784899349 -1.4221037290487664 0.5388119135242897
23.18548387096774 -0.9308589745710518 -1.4223859446736566 0.5297747703720578
23.387096774193548 -0.9320153186221699 -1.4226605596239625 0.5205998194678202
23.588709677419352 -0.9331626719554872 -1.4229277162431477 0.5112840710981909
23.79032258064516 -0.9343006272454569 -1.4231875530381959 0.5018245169425906
23.991935483870968 -0.9354288087309086 -1.4234402048055321 0.49221813333702136
24.193548387096772 -0.9365468721427764 -1.4236858030664428 0.4824618849537503
24.39516129032258 -0.9376545043832131 -1.4239244768114803 0.47255272892888284
24.596774193548384 -0.9387514229839554 -1.424156353458295 0.4624876194715995
24.798387096774192 -0.9398373753728998 -1.4243815598989409 0.45226351299038264
25.0 -0.940912137978055 -1.424600223521344 0.44187737377331504
