0.0 -0.4054061626037483 2.0618768705585198 1727.072237705899
0.20134228187919462 -0.47772722577500065 1.445908435855712 77.41169354432361
0.40268456375838924 -0.5355705566206171 1.0831825426444095 439.25036300926774
0.6040268456375839 -0.5820233273662367 0.8382341622610898 1186.268025808607
0.8053691275167785 -0.6191790861790778 0.6580677991466415 1710.9902950257651
1.006711409395973 -0.6489143378601677 0.5177533329268782 1600.1957649802018
1.2080536912751678 -0.6728132498621266 0.40399327264242024 1721.9700495364905
1.4093959731543624 -0.6921448521157556 0.3088585227946943 1613.3142175613625
1.610738255033557 -0.7079053515771401 0.22707631296541617 528.149532702131
1.8120805369127515 -0.7208780519185762 0.15478445309596572 1440.9351209804533
2.013422818791946 -0.7316914097146581 0.08891204867115901 2.881321404029342
2.2147651006711406 -0.7408731927408927 0.026831898650368915 183.57044290626564
2.4161073825503356 -0.7489060808065239 -0.03382295496368709 977.0215968650679
2.61744966442953 -0.7562873028148712 -0.0951552928590182 1250.42691498031
2.8187919463087248 -0.7635432264013616 -0.15874351141548348 1410.124547234083
3.0201342281879193 -0.7709782999788228 -0.22512274188191828 1011.831140477323
3.221476510067114 -0.77822922117604 -0.2932357990431187 1587.0878257952725
3.4228187919463084 -0.784698860035963 -0.36038871703351155 108.87022501646925
3.624161073825503 -0.7902061933873348 -0.42319757299355376 53.17575490469439
3.8255033557046976 -0.7948597894224343 -0.4791917810459128 1241.4379137646097
4.026845637583892 -0.7988344992243427 -0.5278179121147467 1728.3861684034698
4.228187919463087 -0.8022894722674239 -0.5700500918905229 46.2997165286643
4.429530201342281 -0.8053511811752488 -0.607292125670611 247.33362166611766
4.630872483221476 -0.8081154258369682 -0.6406584640622865 1708.3106602919697
4.832214765100671 -0.8106534646913751 -0.6708767474357417 1782.057044447664
5.033557046979865 -0.8130180155847919 -0.6984651762097116 1405.8258791962671
5.23489932885906 -0.8152481079423046 -0.7239048334273276 1618.256175116467
5.4362416107382545 -0.8173727414007319 -0.7477307088583146 1733.7538918408356
5.6375838926174495 -0.8194135623611613 -0.7705427996812746 309.95757610023696
5.838926174496644 -0.8213867979548412 -0.7929403379101865 476.12381524121975
6.040268456375839 -0.8233046495929145 -0.8153869288534679 1178.5475673746146
6.241610738255033 -0.8251763002373659 -0.8380486994186662 1457.5109663713692
6.442953020134228 -0.8270086475604397 -0.8606956420041895 1663.2299701906145
6.644295302013423 -0.8288068427476124 -0.8827666704864996 1000.8545721126417
6.845637583892617 -0.8305746910263979 -0.9036139966524495 1534.1525599864485
7.046979865771812 -0.8323149531962355 -0.9227923265935941 367.9717442151338
7.248322147651006 -0.834029575673913 -0.9402028797140212 1724.4261846540976
7.449664429530201 -0.8357198683930814 -0.9560320837448468 1652.6588278752615
7.651006711409395 -0.8373866442216649 -0.9705888212661561 1719.0540683827205
7.85234899328859 -0.8390303296155148 -0.9841719879965255 869.3474187106902
8.053691275167784 -0.8406510534727357 -0.9970156565449062 1230.0366972882887
8.25503355704698 -0.842248719220569 -1.0092864222812632 1731.3110818415803
8.456375838926174 -0.843823063802123 -1.0210978605074639 1715.8772116553002
8.657718120805368 -0.8453737062604321 -1.0325244479417308 467.58254447701194
8.859060402684563 -0.8469001879237644 -1.0436107061524738 1475.8661552076103
9.060402684563758 -0.8484020056972169 -1.0543766934959315 447.81260899394897
9.261744966442953 -0.849878639605247 -1.0648220532644115 1585.6086384495927
9.463087248322147 -0.8513295754684529 -1.07493031503147 1761.6945334031445
9.664429530201343 -0.8527543234081223 -1.0846741967848306 826.3025399171217
9.865771812080537 -0.8541524327341368 -1.0940217265369772 227.10526431244247
10.06711409395973 -0.8555235036715454 -1.1029423572064116 472.44191879846085
10.268456375838925 -0.85686719630832 -1.111412058038516 486.15392325577596
10.46979865771812 -0.8581832370938031 -1.1194166300401684 270.1132728930149
10.671140939597315 -0.8594714231785595 -1.1269530150685407 1723.6585938637318
10.872483221476509 -0.8607316248575761 -1.134026775406979 1562.955765617302
11.073825503355703 -0.8619637863568305 -1.1406594775070131 1640.0973301214713
11.275167785234899 -0.8631679251858505 -1.1468767401309405 1194.76184813334
11.476510067114093 -0.8643441302642979 -1.1527076761889115 70.1964923460236
11.677852348993287 -0.865492559017588 -1.158182554477263 1763.9877991119208
11.879194630872483 -0.8666134336242483 -1.163344670763898 457.55542703811756
12.080536912751677 -0.8677070365855506 -1.1681675201993045 95.53269478747538
12.281879194630871 -0.8687737057756253 -1.1726949121067147 1661.2084296842431
12.483221476510066 -0.8698138291175904 -1.1769492744888619 964.6174142057585
12.684563758389261 -0.8708278390182226 -1.1809471342425486 1423.1063624332685
12.885906040268456 -0.8718162066804095 -1.1846998067871355 1130.6458233336307
13.08724832214765 -0.8727794363992021 -1.1882251857512347 1587.806739656261
13.288590604026846 -0.8737180599338799 -1.1915524810915246 1027.1663381272576
13.48993288590604 -0.8746326310352905 -1.1947128276789354 1743.0342286747352
13.691275167785234 -0.8755237201949289 -1.1977329895053583 1688.9722900893148
13.892617449664428 -0.8763919096700148 -1.2006352692853453 113.14603093913016
14.093959731543624 -0.8772377888273492 -1.2034386944776074 1025.2801493582315
14.295302013422818 -0.8780619498380335 -1.2061597759969553 1738.4014429987312
14.496644295302012 -0.8788649837454152 -1.2088127437043383 1582.3028636810989
14.697986577181208 -0.8796474769198315 -1.2114093708525757 1708.5211883443596
14.899328859060402 -0.8804100079059568 -1.2139584744086227 1513.8991406745715
15.100671140939596 -0.881153144661799 -1.2164651878932822 1715.088876738996
15.30201342281879 -0.8818774421825991 -1.2189301923461524 221.90618993099008
15.503355704697986 -0.8825834404980524 -1.2213492487450572 1774.4403554637577
15.70469798657718 -0.8832716630273281 -1.2237135096833422 1448.281725802925
15.906040268456374 -0.8839426152732297 -1.226011004934106 4.06340507479446
16.10738255033557 -0.8845967838344623 -1.2282292325653006 110.29477844705876
16.308724832214764 -0.8852346357132768 -1.2303581004592166 488.7203861894701
16.51006711409396 -0.8858566178946317 -1.232392086228776 745.2414529554712
16.711409395973153 -0.886463157172437 -1.234330831265179 1782.4993364076354
16.91275167785235 -0.8870546601982526 -1.2361782146242168 1181.6644345340717
17.11409395973154 -0.8876315137280679 -1.2379406071998087 1505.9580085161438
17.315436241610737 -0.8881940850432405 -1.2396252049125185 1521.4792162957056
17.516778523489933 -0.8887427225224889 -1.2412090665276359 1383.9797889448298
17.718120805369125 -0.8892777563427284 -1.2424573749032573 1724.5470638271552
17.91946308724832 -0.8897994992876562 -1.243933019740263 96.0370639157049
18.120805369127517 -0.890308247644176 -1.245343030761208 472.9773344209862
18.32214765100671 -0.8908042821680086 -1.2466816844500053 1356.3055950388296
18.523489932885905 -0.8912878691011518 -1.2479609459646186 837.0145299568168
18.7248322147651 -0.8917592612251661 -1.2491856476049883 1066.0713757149294
18.926174496644293 -0.8922186989355804 -1.2503599593029153 106.14894506698244
19.12751677852349 -0.8926664113240343 -1.251487831722297 163.75294160211362
19.328859060402685 -0.8931026172560399 -1.252161411357567 1708.6397186017152
19.530201342281877 -0.8935275264334934 -1.2532083415006898 227.74507631956078
19.731543624161073 -0.8939413404322902 -1.2542141344751765 1789.071706086553
19.932885906040266 -0.894344253706528 -1.2551848373855914 1479.480793159594
20.13422818791946 -0.8947364545519261 -1.256125887375922 1710.342978085916
20.335570469798657 -0.8951181260221363 -1.2570103864900681 235.54711063900837
20.53691275167785 -0.895489446792646 -1.2578769942966224 410.2362685023649
20.738255033557046 -0.8958505919679246 -1.2584787601793928 1655.3576789521135
20.93959731543624 -0.8962017338284003 -1.2593607348278826 1278.66690679747
21.140939597315434 -0.8965430425146981 -1.2602271465598314 370.0594839562656
21.34228187919463 -0.8968746866473983 -1.2610839443904984 1053.2098237486346
21.543624161073826 -0.8971968338813173 -1.2619337011196583 54.91307902036206
21.744966442953018 -0.89750965139405 -1.2627774675853012 199.0163934682042
21.946308724832214 -0.8978133063091445 -1.2636155351586151 1478.8923087727062
22.147651006711406 -0.8981079660549055 -1.2644475889829216 1214.391314364723
22.348993288590602 -0.8983937986603681 -1.2652728816900365 1207.3866607979182
22.550335570469798 -0.8986709729904758 -1.2660904253940477 318.9230102573512
22.75167785234899 -0.8989396589229631 -1.266899166881073 11.384872711641389
22.953020134228186 -0.899200027469809 -1.2676981263925526 1582.4043502842383
23.154362416107382 -0.8994522508464781 -1.2684864902512547 1509.268407981112
23.355704697986575 -0.8996965024924529 -1.2692636546751062 68.2579084292527
23.55704697986577 -0.8999329570467638 -1.270029224313858 1788.9485651913512
23.758389261744966 -0.9001617902824307 -1.2707829742575336 269.76758672167637
23.95973154362416 -0.9003831790038263 -1.2715247879176441 1419.885459908977
24.161073825503355 -0.9005973009110532 -1.272254584802792 943.6821901766298
24.36241610738255 -0.9008043344354629 -1.272972251679949 1650.0880331481233
24.563758389261743 -0.901004458550397 -1.273677588198769 28.68281575333758
24.76510067114094 -0.9011978525612027 -1.2743702743326655 109.25228101230091
24.96644295302013 -0.9013846958784412 -1.275049862691532 1718.8454531493876
25.167785234899327 -0.9015651677781031 -1.2757157946240962 1803.9549007043909
25.369127516778523 -0.9017394471524439 -1.2763674356603936 1670.4078615788221
25.570469798657715 -0.9019077122548903 -1.277004123640922 199.65720686321734
25.77181208053691 -0.9020701404422349 -1.2776252219886133 1586.1734710139597
25.973154362416107 -0.9022269079170997 -1.2782301709224009 593.0612613610045
26.1744966442953 -0.9023781894734131 -1.2788185307260675 1190.87002079894
26.375838926174495 -0.9025241582473754 -1.2793900131022926 244.19978379060504
26.57718120805369 -0.9026649854761248 -1.2799444987585402 860.3581728521598
26.778523489932883 -0.9028008402660568 -1.2804820413318387 1354.865584932667
26.97986577181208 -0.9029318893724746 -1.2810028593045868 696.8658735019243
27.18120805369127 -0.9030582969919912 -1.281507318559509 127.68044181641706
27.382550335570468 -0.9031802245688566 -1.281995908655885 1234.9217263251298
27.583892617449663 -0.9032978306161301 -1.282469215862513 588.0798454679777
27.785234899328856 -0.9034112705523927 -1.2829278955914576 941.6251810539945
27.98657718120805 -0.903520696554477 -1.283372646290814 567.7299685169105
28.187919463087248 -0.9036262574264896 -1.2838041862084715 1271.2204634232728
28.38926174496644 -0.9037280984852163 -1.2842232338318595 1071.2017916479442
28.590604026845636 -0.9038263614618255 -1.284630492301445 341.1014143209132
28.79194630872483 -0.9039211844196482 -1.2850266377138344 582.0811276132172
28.993288590604024 -0.9040127016876646 -1.2854123109736064 191.63160609800167
29.19463087248322 -0.9041010438092166 -1.2857881127055695 1694.198275482537
29.395973154362416 -0.9041863375053772 -1.2861546006780409 933.4954941338609
29.597315436241608 -0.9042687056523026 -1.2865122891889855 1745.624906415249
29.798657718120804 -0.9043482672718436 -1.2868616499088579 565.4766653213693
30.0 -0.9044251375346385 -1.287203113739234 75.83541800797646
0.0 -0.13316950004554093 73.76129266373434 130.8324102243668
0.10033444816053512 -0.1801351013646948 6.855595715450601 581.1427604598307
0.20066889632107024 -0.22450692674808428 3.5664564760255013 1201.8569058055496
0.3010033444816054 -0.26545071506974904 3.2175859313857758 1274.6949821377475
0.4013377926421405 -0.3026582745435795 3.0070821095895717 1380.0293881418784
0.5016722408026756 -0.33625791057736654 2.8734856663167743 1175.161414959623
0.6020066889632107 -0.36662905142834223 2.780954922349989 1672.8159824317615
0.7023411371237458 -0.3942510190733708 2.7123917255304586 356.7609292546837
0.802675585284281 -0.419531347673955 2.6587125108468888 1599.5821488437493
0.9030100334448161 -0.4427676823405776 2.614648894368118 868.5900796485088
1.0033444816053512 -0.4641780772686625 2.576989752496735 1261.6575183698696
1.1036789297658862 -0.4839308533289836 2.543728251425661 1054.944818621063
1.2040133779264215 -0.5021638414982381 2.5135971205657657 22.555876218465695
1.3043478260869565 -0.5189961349770292 2.485793577642392 995.6820539324524
1.4046822742474916 -0.5345352818814073 2.4598078483512644 596.9540471146511
1.5050167224080269 -0.5488815886313297 2.4353135267840913 1289.7825868400346
1.605351170568562 -0.5621304081033378 2.412097168793719 301.8363127589931
1.705685618729097 -0.5743726720909821 2.390013604359436 1174.3589807474282
1.8060200668896322 -0.5856929474331971 2.368958257147875 1378.2629945634249
1.9063545150501673 -0.5961622048832111 2.3488505959936106 589.6121157682871
2.0066889632107023 -0.605821279779246 2.329624690114949 1445.2217674719375
2.1070234113712374 -0.6146686858933935 2.3112241225943944 1420.7306314042332
2.2073578595317724 -0.6226986212436907 2.293599432675235 68.72582333247246
2.307692307692308 -0.6299581574460409 2.276706911205052 111.79868468562725
2.408026755852843 -0.6365400340841043 2.2605080310483423 1695.5921048342636
2.508361204013378 -0.6425471514576709 2.244969104095177 669.5719825149113
2.608695652173913 -0.6480730376657724 2.230060957286042 153.88841824972056
2.709030100334448 -0.6531965927114493 2.2157585429736932 759.6361841085884
2.809364548494983 -0.6579825932769626 2.2020404684102606 1697.2120945548081
2.9096989966555187 -0.6624838057467101 2.188888463692428 1330.0377923398987
3.0100334448160537 -0.6667432283819412 2.176286820536726 105.28664544045323
3.1103678929765888 -0.6707960323954915 2.1642218350733815 995.0950285911294
3.210702341137124 -0.674671132055997 2.152681282549555 1203.1330045544137
3.311036789297659 -0.6783924229819631 2.1416539442090787 112.83766863649396
3.411371237458194 -0.681979750974597 2.131129198844183 1389.0567200514608
3.511705685618729 -0.6854496700729578 2.1210966847085566 1219.0483765123201
3.6120401337792645 -0.6888160381914012 2.1115460320892803 51.82481733696263
3.7123745819397995 -0.6920904882077337 2.102466662920264 1398.1915312847177
3.8127090301003346 -0.6952828034907292 2.093847651240463 482.21407677330956
3.9130434782608696 -0.698401219823148 2.085677636828114 1696.0628439941697
4.013377926421405 -0.7014526702745936 2.0779447837283422 989.2154226033326
4.11371237458194 -0.704442985502247 2.0706367754037993 42.15000980357503
4.214046822742475 -0.707377058922751 2.063740838677573 1281.7502491115467
4.31438127090301 -0.7102589839667273 2.0572437893443194 804.6422332784873
4.414715719063545 -0.7130921690022682 2.0511320931763155 556.8055699805915
4.51505016722408 -0.7158794343323726 2.0453919369555624 1241.4129174594782
4.615384615384616 -0.7186230947980226 2.040009305058397 600.0045585885908
4.7157190635451505 -0.7213250308436858 2.0349700579633874 716.7450010966628
4.816053511705686 -0.7239867503442894 2.030260009821918 413.3240727468351
4.916387959866221 -0.726609443002493 2.0258650029109804 97.01809245980671
5.016722408026756 -0.7291940286834218 2.0217709773744863 62.73646456043497
5.117056856187291 -0.7317412006655756 2.0179640351556856 37.32710550370802
5.217391304347826 -0.7342514644673431 2.0144304974331364 1747.9282979868199
5.317725752508362 -0.7367251726727092 2.0111569552051676 273.19744867972315
5.418060200668896 -0.739162556030388 2.0081303129304726 1075.3249363178834
5.518394648829432 -0.7415637510274122 2.005337825335384 1770.4573447692349
5.618729096989966 -0.7439288241205028 2.0027671276498857 1676.539915742229
5.719063545150502 -0.746257792822535 2.0004062596428613 761.5235642222121
5.819397993311037 -0.7485506438659287 1.9982436839002704 1714.0972151058945
5.919732441471572 -0.7508073486853734 1.9962682988343008 293.2951274321363
6.0200668896321075 -0.7530278764717375 1.9944694469331874 1579.4496971503904
6.120401337792642 -0.755212205046006 1.9928369187653638 916.7316654223192
6.2207357859531776 -0.7573603297890128 1.991360953241707 1484.1726893502337
6.321070234113712 -0.7594722708433994 1.9900322346203037 1284.297433744107
6.421404682274248 -0.7615480787824284 1.988841886711387 224.20462645489243
6.521739130434783 -0.7635878389189137 1.9877814647088003 1763.1639067568958
6.622073578595318 -0.7655916744083903 1.9868429450403264 1004.6875529316607
6.722408026755853 -0.7675597482845472 1.9860187135937528 221.32278227004977
6.822742474916388 -0.7694922645519509 1.9853015526401192 584.0043161314109
6.923076923076923 -0.7713894684507862 1.9846846267406382 88.63078492371352
7.023411371237458 -0.7732516460001698 1.9841614678903994 618.2571801837503
7.1237458193979935 -0.7750791229198613 1.98372596012011 821.1975363423164
7.224080267558529 -0.7768722630243686 1.983372323747578 98.59225072486505
7.3244147157190636 -0.7786314661780445 1.9830950994430474 661.7927828148439
7.424749163879599 -0.7803571658944464 1.982889132247522 545.2382993650826
7.525083612040134 -0.7820498266577902 1.9827495556602355 1804.6029996587533
7.625418060200669 -0.7837099410386824 1.982671775891063 982.0739117206263
7.725752508361205 -0.7853380266703721 1.9826514563552622 1778.3513018434824
7.826086956521739 -0.7869346231456518 1.9826845024719109 1315.7011070655853
7.926421404682275 -0.7885002888882277 1.9827670468131176 1707.005176119456
8.02675585284281 -0.7900355980460433 1.9828954346391834 1548.0837073588718
8.127090301003344 -0.7915411374477344 1.9830662098444127 1289.959763912337
8.22742474916388 -0.7930175036572066 1.9832761013298532 564.8776680648043
8.327759197324415 -0.7944653001554051 1.9835220098123951 891.2297041891426
8.42809364548495 -0.7958851346726854 1.983800995074709 1677.184024857204
8.528428093645486 -0.7972776166899314 1.9841102636568284 26.19373594042832
8.62876254180602 -0.7986433551217011 1.9844471569885407 657.4630701075797
8.729096989966555 -0.7999829561902747 1.984809139961632 971.8730218943061
8.82943143812709 -0.801297021495514 1.9851937899424141 650.9693397002055
8.929765886287626 -0.8025861462819875 1.9855987862285573 1756.374794863627
9.03010033444816 -0.8038509179017839 1.9860218999590502 1147.8887276024689
9.130434782608695 -0.8050919144688894 1.9864609844932837 1704.5552760770133
9.230769230769232 -0.8063097036988689 1.9869139662836963 81.96555322979816
9.331103678929766 -0.8075048419258708 1.987378836276986 1546.6077867597305
9.431438127090301 -0.8086778732876212 1.9878536418906796 862.8121679521936
9.531772575250836 -0.8098293290680588 1.9883364796250371 284.50770601737844
9.632107023411372 -0.8109597271865587 1.9888254883841463 184.3183529514411
9.732441471571907 -0.812069571822256 1.989318843593945 1478.3161846330916
9.832775919732441 -0.813159353161764 1.9898147522178693 1646.880152813497
9.933110367892978 -0.814229547258605 1.9903114487818767 1691.7850767551895
10.033444816053512 -0.8152806159928125 1.9908071925277042 747.3305604661405
10.133779264214047 -0.8163130071194914 1.9913002658155736 883.9825793550747
10.234113712374581 -0.8173271543955413 1.991788973892288 475.5878010551015
10.334448160535118 -0.8183234777742446 1.9922716461269976 436.31262991224617
10.434782608695652 -0.8193023836580194 1.9927466387924868 45.024281711160974
10.535117056856187 -0.8202642652002458 1.993212339433935 726.7582841387825
10.635451505016723 -0.8212095026477254 1.9936671728192452 1744.2165073240863
10.735785953177258 -0.8221384637160186 1.9941096084063243 1700.95320560773
10.836120401337793 -0.8230515039905589 1.9945381691941133 916.149194839257
10.936454849498329 -0.823948967347113 1.9949514417510108 206.5520932822435
11.036789297658864 -0.8248311863858112 1.9953480871392943 789.2190320862684
11.137123745819398 -0.8256984828735808 1.9957268523848593 1577.970328392587
11.237458193979933 -0.8265511681904327 1.9960865820838625 1715.4264520972183
11.33779264214047 -0.8273895437756001 1.9964262296978348 1063.024724261509
11.438127090301004 -0.8282139015700717 1.9967448680727111 988.6480977750705
11.538461538461538 -0.8290245244525449 1.997041698727782 630.6616602610083
11.638795986622075 -0.8298216866662943 1.9973160594997972 1672.4418533254427
11.73913043478261 -0.8306056542348592 1.9975674301932889 1623.439464031749
11.839464882943144 -0.8313766853648513 1.9977954359766843 1497.0068803931715
11.939799331103679 -0.8321350308345093 1.9979998483676962 496.699119039453
12.040133779264215 -0.8328809343669703 1.9981805837636748 407.19874543706476
12.14046822742475 -0.8336146329874714 1.998337699583499 615.724635008825
12.240802675585284 -0.8343363573639762 1.9984713881890779 1517.9534967638137
12.34113712374582 -0.8350463321309098 1.998581968840611 1282.4904129385511
12.441471571906355 -0.8357447761959008 1.9986698780049283 1654.9592940702933
12.54180602006689 -0.8364319030295736 1.9987356583780218 322.01730988033484
12.642140468227424 -0.8371079209385828 1.9987799470022616 1483.8560384006591
12.74247491638796 -0.837773033322208 1.998803462856022 1709.5663164799153
12.842809364548495 -0.8384274389129104 1.998806994273205 891.1456077160732
12.94314381270903 -0.8390713320013461 1.998791386516169 184.66227010831696
13.043478260869566 -0.8397049026463925 1.9987575297814824 874.1429644196738
13.143812709030101 -0.8403283368707953 1.998706347869987 1763.265599270374
13.244147157190636 -0.8409418168430776 1.9986387877021945 1652.2636751154905
13.34448160535117 -0.8415455210463858 1.9985558098129734 636.1998602411894
13.444816053511706 -0.8421396244349632 1.998458379914871 448.1695421327601
13.545150501672241 -0.8427242985789382 1.9983474615820658 103.87028234644539
13.645484949832776 -0.8432997117981399 1.99822401007554 1473.6275519022354
13.745819397993312 -0.8438660292856104 1.9980889673052857 567.726262670417
13.846153846153847 -0.8444234132215205 1.997943257907947 1390.7205513445358
13.946488294314381 -0.84497202287813 1.9977877864070261 1022.8356620012636
14.046822742474916 -0.8455120147164532 1.9976234354171232 1582.9687151991182
14.147157190635452 -0.8460435424752446 1.997451064853748 1486.1914719208453
14.247491638795987 -0.8465667572529114 1.9972715121145383 1575.7337281721188
14.347826086956522 -0.8470818075829158 1.9970855932060356 1256.3387256739488
14.448160535117058 -0.8475888395032182 1.9968941048024724 883.6866058930508
14.548494983277592 -0.8480879966202793 1.996697827237979 722.2505692292686
14.648829431438127 -0.8485794201680985 1.9964975284516118 1601.2974030958183
14.749163879598662 -0.849063249062762 1.9962939689249297 1697.6230637515382
14.849498327759198 -0.8495396199529156 1.9960879076744247 779.0618844121643
14.949832775919733 -0.8500086672665721 1.9958801093841982 1430.2214836785554
15.050167224080267 -0.8504705232546255 1.995671352788578 1466.2764350242212
15.150501672240804 -0.8509253180314109 1.9954624404355294 346.5714064146633
15.250836120401338 -0.85137317961264 1.995254209979232 1742.6599490087358
15.351170568561873 -0.8518142339510001 1.9950475471557017 106.64271353352954
15.45150501672241 -0.8522486049696851 1.9948434005839628 852.6306837712706
15.551839464882944 -0.8526764145941127 1.9946427984911934 81.84092495315468
15.652173913043478 -0.8530977827820415 1.9944468673666678 1180.7809955562075
15.752508361204013 -0.853512827552305 1.9942568523803994 1766.5789104450969
15.85284280936455 -0.8539216650123338 1.9940741391183596 1610.020539410571
15.953177257525084 -0.8543244093846453 1.9939002757478375 1042.0671029696807
16.05351170568562 -0.8547211730324368 1.993736994080433 931.4678691623077
16.153846153846153 -0.855112066484421 1.9935862271076081 1723.0144409831123
16.254180602006688 -0.8554971984590268 1.9934501194410987 33.19517682274439
16.354515050167226 -0.8558766758880566 1.9933310257783825 128.70901969732964
16.45484949832776 -0.8562506039399027 1.9932314912663225 1695.2229331435858
16.555183946488295 -0.856619086042396 1.9931542069231627 1715.9981370740866
16.65551839464883 -0.8569822239053589 1.9931019338281502 63.77017238443228
16.755852842809364 -0.8573401175429158 1.9930773924843068 1674.4352533484794
16.8561872909699 -0.8576928652956204 1.993083119287951 134.0890217236917
16.956521739130434 -0.8580405638524299 1.9931213002450912 1600.2933231472189
17.056856187290972 -0.8583833082725704 1.9931936013172455 329.82626307990546
17.157190635451506 -0.8587211920073164 1.9933010217897036 1475.1895447429108
17.25752508361204 -0.8590543069217043 1.993443798014074 1425.9135809909208
17.357859531772576 -0.8593827433161988 1.9936213775403069 699.1287333937443
17.45819397993311 -0.8597065899483316 1.9938324693360023 1472.5940012029523
17.558528428093645 -0.8600259340543003 1.994075159387771 373.28648579263285
17.65886287625418 -0.8603408613705537 1.9943470685228402 762.0040411540887
17.759197324414718 -0.8606514561553515 1.9946455246608545 423.6257146082719
17.859531772575252 -0.8609578012102973 1.9949677249392108 1734.6006374759543
17.959866220735787 -0.8612599779018466 1.9953108712435301 1097.620387090505
18.06020066889632 -0.861558066182781 1.9956722718051711 2.5695306619679585
18.160535117056856 -0.8618521446136359 1.9960494089266914 1114.9957554250925
18.26086956521739 -0.8621422903840821 1.996439977459586 1681.167964747303
18.361204013377925 -0.8624285793342447 1.9968419005812892 1371.073392274415
18.461538461538463 -0.8627110859759518 1.997253329493729 1711.397569313499
18.561872909698998 -0.8629898835138955 1.9976726327441268 1429.533321842828
18.662207357859533 -0.8632650438667051 1.9980983795891534 1384.9973567647505
18.762541806020067 -0.8635366376879082 1.9985293205706662 1267.0077362226534
18.862876254180602 -0.8638047343867743 1.99896436741821 333.4550863947074
18.963210702341136 -0.86406940214903 1.9994025735905179 1482.908730152598
19.06354515050167 -0.8643307079574232 1.9998431161960704 145.34474859581078
19.16387959866221 -0.8645887176121461 2.000285279645603 1167.3954781337807
19.264214046822744 -0.8648434957510772 2.0007284411449224 217.32612470128726
19.36454849498328 -0.865095105869858 2.001172057987126 1691.8526143670758
19.464882943143813 -0.8653436103417751 2.001615656522167 50.419984344165144
19.565217391304348 -0.8655890704374489 2.0020588226429186 1157.4515088883666
19.665551839464882 -0.8658315463443121 2.0025011936140866 534.21511576668
19.765886287625417 -0.8660710971858762 2.002942451073782 308.3721044024613
19.866220735785955 -0.8663077810407693 2.0033823150488685 1009.3820865897941
19.96655518394649 -0.8665416549615473 2.003820538840626 425.611423824526
20.066889632107024 -0.8667727749932594 2.0042569046541563 1046.0398545343944
20.16722408026756 -0.867001196191774 2.0046912198612206 733.983081975811
20.267558528428093 -0.8672269726418518 2.00512331380147 1576.5552290095757
20.367892976588628 -0.8674501574749588 2.0055530350408466 1226.7979897269174
20.468227424749163 -0.8676708028868212 2.0059802490178815 1561.547501667119
20.5685618729097 -0.8678889601547143 2.006404836019283 112.19536566003363
20.668896321070235 -0.8681046796544791 2.006826689435203 390.75965067285364
20.76923076923077 -0.8683180108772698 2.0072457142521216 1699.4182061571323
20.869565217391305 -0.8685290024460248 2.00766182574806 1413.1335127578839
20.96989966555184 -0.8687377021316597 2.0080749483600666 123.75315069509632
21.070234113712374 -0.8689441568689817 2.0084850146988678 1613.6910762085668
21.17056856187291 -0.8691484127723274 2.008891964689292 605.2268108787752
21.270903010033447 -0.8693505151509112 2.009295744818398 1411.0583193920559
21.37123745819398 -0.8695505085239034 2.009696307476067 1542.7768985769496
21.471571906354516 -0.8697484366352175 2.0100936103751894 1696.1854531498589
21.57190635451505 -0.8699443424680227 2.010487616040321 697.1308969476295
21.672240802675585 -0.8701382682589721 2.010878291355639 1333.6096605032913
21.77257525083612 -0.8703302555121566 2.011265607164136 1077.3409613600886
21.872909698996658 -0.8705203450127716 2.0116495379113366 1668.0703003002445
21.973244147157192 -0.8707085768405195 2.012030061327794 1594.2293381014767
22.073578595317727 -0.8708949903827261 2.0124071581452796 1320.1005065203146
22.17391304347826 -0.8710796243471912 2.012780811842599 10.34832435416176
22.274247491638796 -0.8712625167747645 2.013151008417266 544.0282777897221
22.37458193979933 -0.8714437050516559 2.0135177361799377 1045.1270971819456
22.474916387959865 -0.8716232259214776 2.013880985568915 167.21979555587993
22.575250836120404 -0.8718011154970262 2.014240748982351 1498.904970910942
22.67558528428094 -0.8719774092718002 2.0145970206261254 144.69468710521005
22.775919732441473 -0.8721521421312646 2.0149497963756704 1810.316857231136
22.876254180602007 -0.8723253483638552 2.01529907365016 857.6520784181992
22.976588628762542 -0.8724970616717412 2.015644851297769 182.39579179180961
23.076923076923077 -0.8726673151813288 2.0159871294908216 1193.0322728023875
23.17725752508361 -0.8728361414535283 2.0163259096297588 842.1460587468144
23.27759197324415 -0.8730035724937745 2.0166611942550876 1286.1054032989941
23.377926421404684 -0.8731696397618135 2.016992986966487 1086.305652325701
23.47826086956522 -0.8733343741812534 2.0173212923483708 1379.904728141052
23.578595317725753 -0.8734978061488813 2.017646115901276 1519.3197666429148
23.678929765886288 -0.8736599655437584 2.0179674639785556 1112.7963643672856
23.779264214046822 -0.8738208817360846 2.0182853437278716 1608.858714559782
23.879598662207357 -0.8739805835958495 2.018599763037004 419.49406314701724
23.979933110367895 -0.8741390995012618 2.0189107304837037 17.316942919667962
24.08026755852843 -0.8742964573469676 2.0192182552891014 1308.8098089687674
24.180602006688964 -0.8744526845520594 2.019522347274475 645.4359734454233
24.2809364548495 -0.8746078080678757 2.0198230168209967 221.6047174696249
24.381270903010034 -0.8747618543856065 2.0201202748323146 1172.4617713435264
24.48160535117057 -0.8749148495436899 2.020414132699638 1006.2930870420047
24.581939799331103 -0.8750668191350194 2.0207046022691575 725.7729429177122
24.68227424749164 -0.87521778831396 2.020991695811652 1608.9492330127507
24.782608695652176 -0.8753677818031732 2.0212754259940646 896.0415365154643
24.88294314381271 -0.8755168239002585 2.021555805852909 1693.8159813488053
24.983277591973245 -0.8756649384842153 2.0218328487693413 1625.6829023133178
25.08361204013378 -0.8758121490217259 2.0221065684458472 1094.0367392224705
25.183946488294314 -0.8759584785732644 2.0223769788843136 1671.9862902389668
25.28428093645485 -0.8761039497990357 2.0226440943654906 1581.2313483052142
25.384615384615387 -0.8762485849647471 2.0229079294296577 629.7380671644344
25.48494983277592 -0.8763924059472136 2.023168498858465 407.82274003053055
25.585284280936456 -0.8765354342398103 2.0234258176578486 603.9899941276268
25.68561872909699 -0.8766776909577565 2.0236799010419038 1740.416863054522
25.785953177257525 -0.8768191968432585 2.0239307644177353 820.5536136801555
25.88628762541806 -0.8769599722704905 2.0241784233711453 1786.209647411683
25.986622073578594 -0.8771000372504388 2.0244228936531012 1483.0505191780892
26.086956521739133 -0.8772394114355931 2.024664191167021 1797.3047422613556
26.187290969899667 -0.8773781141245052 2.0249023319566852 313.15190313585776
26.287625418060202 -0.877516164266206 2.0251373321948556 1732.7939758084917
26.387959866220736 -0.877653580464489 2.0253692081724792 283.7908239952479
26.48829431438127 -0.8777903809820639 2.025597976288479 1740.645632407676
26.588628762541806 -0.8779265837445832 2.0258236530400833 853.7918947353353
26.68896321070234 -0.8780622063445426 2.026046255013641 355.4980428546805
26.78929765886288 -0.8781972660450632 2.0262657988759396 412.17408805642776
26.889632107023413 -0.878331779783551 2.0264823013659385 1535.0519407852362
26.989966555183948 -0.8784657641752454 2.0266957792869316 1450.4085656898092
27.090301003344482 -0.8785992355166564 2.02690624949909 1663.206426798054
27.190635451505017 -0.8787322097888887 2.0271137289124095 1786.916302427261
27.29096989966555 -0.878864702660863 2.027318234479958 1495.7504323797198
27.391304347826086 -0.8789967294924367 2.027519783191493 1013.2075291258966
27.491638795986624 -0.8791283053374194 2.027718392067335 1677.654156043954
27.59197324414716 -0.8792594449464992 2.027914078152618 1640.4444103225487
27.692307692307693 -0.8793901627700679 2.0281068585117055 1599.2245227597898
27.792642140468228 -0.8795204729609618 2.028296750222968 1741.7215005119813
27.892976588628763 -0.8796503893771127 2.028483770373742 1769.109038941661
27.993311036789297 -0.8797799255841123 2.028667936055551 1410.3554612611624
28.093645484949832 -0.8799090948577007 2.0288492643595357 1369.0623270532567
28.19397993311037 -0.8800379101861696 2.0290277723721157 1705.3172088906754
28.294314381270905 -0.8801663842726958 2.0292034771708023 1746.3779735478909
28.39464882943144 -0.8802945295375982 2.029376395820258 205.45958808520868
28.494983277591974 -0.8804223581205274 2.0295465453685004 1510.139939274148
28.59531772575251 -0.8805498818825873 2.029713942843283 1340.7761781954996
28.695652173913043 -0.8806771124083923 2.0298786052486615 1754.1060432156924
28.795986622073578 -0.8808040610080687 2.0300405495616314 1061.1294068899217
28.896321070234116 -0.8809307387191869 2.0301997927290474 1553.3218756838758
28.99665551839465 -0.8810571563086524 2.0303563516645924 287.60436298577235
29.096989966555185 -0.8811833242745342 2.0305102432458586 502.72443186911954
29.19732441471572 -0.8813092528478479 2.030661484311661 1470.430406765137
29.297658862876254 -0.8814349519942909 2.0308100916593657 934.0185062775317
29.39799331103679 -0.8815604314159368 2.030956082042397 89.98005275663053
29.498327759197323 -0.8816857005528841 2.0310994721678397 618.3622403329748
29.59866220735786 -0.8818107685848705 2.031240278694149 710.7159157025089
29.698996655518396 -0.8819356444328521 2.031378518228948 1283.1679927822133
29.79933110367893 -0.8820603367605465 2.0315142073269565 1785.797081514446
29.899665551839465 -0.8821848539759504 2.031647362488003 489.57769388711756
30.0 -0.882309204232827 2.031778000155104 954.0631860546508
