0.0 0.43769930644318356 0.5849211683551732 0.03149350525151242
0.20161290322580644 0.4577636256797612 0.6046674995140825 0.030762603921125932
0.4032258064516129 0.47558738679652984 0.6235535972747487 0.030149684823601718
0.6048387096774193 0.4915076148596726 0.6415487749129678 0.029806038859305033
0.8064516129032258 0.5057936416785392 0.6586298282222993 0.029868664993115784
1.0080645161290323 0.5186536410592245 0.6747742897404767 0.030402566108297377
1.2096774193548385 0.5302568021841861 0.6899619034772073 0.03137730887031111
1.411290322580645 0.5407457022888449 0.7041864344522277 0.03268320228800535
1.6129032258064515 0.5502426256996095 0.7174617288422854 0.03417655426818073
1.814516129032258 0.5588533454558494 0.7298205762872177 0.03572778713911027
2.0161290322580645 0.5666698510756606 0.7413111278743475 0.037245474416713414
2.217741935483871 0.57377254406628 0.7519931973919195 0.03867591970461807
2.419354838709677 0.5802320719613477 0.7619351766500981 0.039992821107615796
2.6209677419354835 0.5861108635179838 0.7712116522395536 0.04118701456534125
2.82258064516129 0.5914644018887378 0.7799015996773381 0.042259184698929794
3.0241935483870965 0.5963422695261754 0.7880869965848671 0.04321530342889365
3.225806451612903 0.6007889989570495 0.7958516999754024 0.04406393892273788
3.4274193548387095 0.6048447625118837 0.8032804067982927 0.044814723877742914
3.629032258064516 0.6085459312788499 0.810457401012369 0.045477511429088825
3.8306451612903225 0.6119255296840486 0.8174644270437708 0.046061928279756345
4.032258064516129 0.6150136078948772 0.8243761418751242 0.046577152156145704
4.233870967741935 0.6178375501780167 0.8312510394121636 0.04703181288819178
4.435483870967742 0.620422333681791 0.8381206133771136 0.04743395962523534
4.637096774193548 0.6227907489661687 0.8449879554187104 0.04779106207460374
4.838709677419354 0.624963590991147 0.851836248190035 0.04811002828325866
5.040322580645161 0.6269598271624693 0.8586346341267406 0.04839722975700222
5.241935483870967 0.6287967473641894 0.8653405891174055 0.04865852928183016
5.443548387096774 0.6304900996134409 0.8719037568638045 0.04889930926078598
5.64516129032258 0.6320542139875902 0.878271824661318 0.049124499637063335
5.846774193548387 0.6335021167370891 0.8843966294366887 0.04933860507882323
6.048387096774193 0.6348456359562238 0.8902388638831321 0.04954573136073944
6.25 0.6360954997942039 0.8957706519400129 0.04974961096389231
6.451612903225806 0.637261427914558 0.9009760714867358 0.049953627923302615
6.653225806451612 0.6383522167224508 0.9058501622472175 0.050160841930595515
6.854838709677419 0.6393758187544615 0.9103970737286718 0.0503740116723238
7.056451612903225 0.6403394165457553 0.9146279083490126 0.050595617363043806
7.258064516129032 0.64124949124181 0.9185586349122552 0.050827882419787265
7.459677419354838 0.6421118861956895 0.9222082760579281 0.05107279422092801
7.661290322580645 0.6429318657796366 0.925597447040931 0.05133212389606788
7.862903225806451 0.6437141696359824 0.928747245608353 0.05160744510229603
8.064516129032258 0.6444630625930741 0.9316784530645362 0.051900151754120064
8.266129032258064 0.6451823804744364 0.9344109916620084 0.05221147468770609
8.46774193548387 0.645875572031887 0.9369635825178984 0.05254249725367448
8.669354838709676 0.6465457372347426 0.9393535541174644 0.05289416984555013
8.870967741935484 0.6471956621469852 0.9415967598292175 0.05326732338249285
9.07258064516129 0.6478278506220283 0.9437075714228734 0.053662681774845705
9.274193548387096 0.6484445530405484 0.9456989232803407 0.054080873409154934
9.475806451612902 0.6490477923108515 0.9475823884362486 0.05452244169561727
9.677419354838708 0.6496393873436594 0.9493682727459211 0.054987854725590486
9.879032258064516 0.6502209742043297 0.9510657174834686 0.05547751408991325
10.080645161290322 0.6507940251356287 0.9526828037059519 0.05599176291054505
10.282258064516128 0.6513598656335688 0.9542266539709726 0.056530893138721096
10.483870967741934 0.6519196897477691 0.9557035286355827 0.057095152172469264
10.685483870967742 0.6524745737665137 0.9571189151378169 0.05768474884533358
10.887096774193548 0.6530254884354102 0.9584776094844927 0.058299858836451654
11.088709677419354 0.6535733098474104 0.9597837897316257 0.058940629550080774
11.29032258064516 0.6541188291311505 0.9610410816184187 0.05960718451027062
11.491935483870966 0.6546627610541219 0.9622526167591946 0.06029962731373477
11.693548387096774 0.6552057516472818 0.9634210839557934 0.06101804518130708
11.89516129032258 0.6557483849482934 0.9645487743040452 0.06176251214557313
12.096774193548386 0.6562911889517965 0.9656376208674968 0.06253309190950809
12.298387096774192 0.6568346408468885 0.9666892338238996 0.06332984040829892
12.5 0.6573791716143926 0.9677049322259498 0.06415280810387947
12.701612903225806 0.6579251700494854 0.968685773970434 0.06500204203925868
12.903225806451612 0.6584729862688385 0.9696325863790869 0.06587758767734495
13.104838709677418 0.659022934755586 0.970546001002676 0.0667794905467606
13.306451612903224 0.6595752969901189 0.9714264974396848 0.06770779771506222
13.508064516129032 0.6601303237099382 0.9722744605922083 0.06866255910788435
13.709677419354838 0.6606882368375046 0.9730902512724453 0.06964382869070421
13.911290322580644 0.6612492311112043 0.9738742805497107 0.07065166552832226
14.11290322580645 0.6618134754511766 0.9746270694094734 0.07168613473563655
14.314516129032258 0.6623811140887795 0.9753492775043544 0.07274730833190776
14.516129032258064 0.6629522674858924 0.9760416999928291 0.07383526600945517
14.71774193548387 0.663527033068055 0.9767052471894029 0.07495009582659813
14.919354838709676 0.6641054857935764 0.977340924431605 0.07609189483359194
15.120967741935482 0.6646876785791953 0.97794981991029 0.07726076963938001
15.32258064516129 0.6652736426016597 0.9785330967911077 0.07845683692612393
15.524193548387096 0.66586338749362 0.979091979457403 0.07968022391769194
15.725806451612902 0.6664569014515455 0.9796277245417878 0.08093106880759311
15.927419354838708 0.6670541512729314 0.9801415781108873 0.08220952115120767
16.129032258064516 0.6676550823397991 0.9806347321925968 0.08351574222656755
16.33064516129032 0.6682596185654753 0.9811084461940448 0.08484990536745184
16.532258064516128 0.6688676623217049 0.9815635822465075 0.08621219627205744
16.733870967741936 0.6694790943633774 0.9820011329282152 0.08760281329009159
16.93548387096774 0.6700937737684395 0.9824220554432347 0.08902196769072566
17.137096774193548 0.6707115379108467 0.9828272651220205 0.0904698839134994
17.338709677419352 0.6713322024846837 0.9832176307894087 0.09194679980392957
17.54032258064516 0.6719555615977213 0.983593971873711 0.09345296683526687
17.741935483870968 0.6725813879526714 0.9839570570668528 0.09498865031757124
17.943548387096772 0.6732094331341056 0.9843076043068446 0.09655412959500019
18.14516129032258 0.6738394280184271 0.9846463354584406 0.09814969823196572
18.346774193548384 0.6744710833232621 0.984973784779571 0.09977566418856769
18.548387096774192 0.6751040903112028 0.9852905272667534 0.10143234998550767
18.75 0.675738121660824 0.9855971049722737 0.10312009285843987
18.951612903225804 0.676372832515403 0.9858940177921804 0.10483924490153287
19.153225806451612 0.6770078617166415 0.986181727048994 0.10659017319979767
19.354838709677416 0.6776428332270749 0.9864606509050405 0.10837325994952446
19.556451612903224 0.678277357740692 0.986731146427843 0.11018890256599756
19.758064516129032 0.6789110344767447 0.986993628933892 0.11203751377739488
19.959677419354836 0.6795434531468499 0.9872484396303151 0.11391952170363255
20.161290322580644 0.6801741960805017 0.9874958942102892 0.11583536991866988
20.362903225806452 0.6808028404891217 0.9877362854513918 0.11778551749456093
20.564516129032256 0.6814289608440359 0.987969885401834 0.11977043902533403
20.766129032258064 0.6820521313394662 0.9881969472563745 0.12179062462853271
20.96774193548387 0.6826719284079626 0.9884175657797075 0.12384657992201971
21.169354838709676 0.6832879332528738 0.9886332329556959 0.12593882597335584
21.370967741935484 0.6838997343606258 0.9888431683936569 0.1280678992188393
21.57258064516129 0.6845069299548612 0.9890475514996171 0.13023435134897104
21.774193548387096 0.6851091303549389 0.989246538827044 0.13243874915684423
21.9758064516129 0.6857059602029462 0.9894402668256305 0.1346816743456194
22.177419354838708 0.6862970605261367 0.9896288561637706 0.13696372329093606
22.379032258064516 0.6868820906055222 0.989812417095331 0.1392855067537626
22.58064516129032 0.6874607296259804 0.9899910547893367 0.14164764953880654
22.782258064516128 0.6880326780885835 0.9901648735067577 0.1440507900932901
22.983870967741932 0.688597658971585 0.9903339790111343 0.14649558004039348
23.18548387096774 0.6891554186324486 0.9904984792771764 0.1489826836413945
23.387096774193548 0.6897057274491952 0.9906584840202541 0.15151277717997136
23.588709677419352 0.6902483802049575 0.9908141036758125 0.154086548261804
23.79032258064516 0.6907831962247808 0.9909654483176709 0.15670469502208617
23.991935483870968 0.6913100192782408 0.9911126267878921 0.15936792523312646
24.193548387096772 0.6918287172652253 0.991255746129876 0.16207695530373403
24.39516129032258 0.6923391817052049 0.9913949113058298 0.16483250916162268
24.596774193548384 0.6928413270524539 0.9915302251307528 0.1676353170095652
24.798387096774192 0.6933350898609943 0.9916617883452172 0.17048611394558638
25.0 0.6938204278235782 0.9917896997589816 0.17338563843699137
