0.0 -0.37588872005699636 0.005992536247708788 0.9329605370139104
0.20161290322580644 -0.4451067029796005 -0.11973167348723611 0.854910254330807
0.4032258064516129 -0.4962448243465009 -0.23900432322274293 0.7709454195880995
0.6048387096774193 -0.5344106429831357 -0.3462610504101851 0.6826174918137252
0.8064516129032258 -0.563872991173588 -0.43785874166761946 0.5915226478250315
1.0080645161290323 -0.5871609588387311 -0.5134282582173393 0.4991482548706459
1.2096774193548385 -0.6058575155008756 -0.5746684506390701 0.4067846586728635
1.411290322580645 -0.6210444007131296 -0.6239594028646736 0.31547982810675135
1.6129032258064515 -0.6335075064870971 -0.6636670171126022 0.2260358555196603
1.814516129032258 -0.6438387040962198 -0.6958407593668583 0.13903918173058433
2.0161290322580645 -0.6524925438665051 -0.7221414907238105 0.05490467856571905
2.217741935483871 -0.6598216343782682 -0.7438740261186741 -0.026089958830342954
2.419354838709677 -0.6661008649536306 -0.7620480843842234 -0.1037940117306833
2.6209677419354835 -0.6715450977647404 -0.7774394415495385 -0.17817193157555128
2.82258064516129 -0.6763225991807641 -0.7906427141699207 -0.2491698268444283
3.0241935483870965 -0.6805654351493763 -0.8021140034315829 -0.31640861736302034
3.225806451612903 -0.6843775732750017 -0.8122041241138691 -0.3791441379591287
3.4274193548387095 -0.6878411980256643 -0.8211839703185078 -0.43669312052833387
3.629032258064516 -0.6910216171572547 -0.8292636714932893 -0.48871556584185
3.8306451612903225 -0.6939710568233413 -0.8366069979734606 -0.5351779299136289
4.032258064516129 -0.6967315844146167 -0.8433421958192113 -0.5762283686956892
4.233870967741935 -0.6993373516342799 -0.849570160664773 -0.612069256745726
4.435483870967742 -0.7018163117143716 -0.8553706336730074 -0.6428322549568919
4.637096774193548 -0.7041915324767738 -0.8608069252367985 -0.6686550207773447
4.838709677419354 -0.7064822003655986 -0.8659295382546093 -0.689967411777042
5.040322580645161 -0.7087043890001784 -0.8707789639896932 -0.7074252506904218
5.241935483870967 -0.710871648578139 -0.8753878513519031 -0.7217668728510654
5.443548387096774 -0.7129954589335099 -0.8797826979925799 -0.7337909496735986
5.64516129032258 -0.7150855785812019 -0.8839851735266503 -0.7443035102046941
5.846774193548387 -0.7171503140672933 -0.8880131575110795 -0.7540129425228322
6.048387096774193 -0.7191967278824035 -0.8918815546131269 -0.7634352572519955
6.25 -0.7212307986556655 -0.8956029346013216 -0.7728676549103825
6.451612903225806 -0.7232575439841628 -0.8991880338817748 -0.7824287075605914
6.653225806451612 -0.7252811137952555 -0.9026461472009053 -0.7921235089467622
6.854838709677419 -0.7273048603770929 -0.9059854320642939 -0.8018998164308312
7.056451612903225 -0.7293313899856396 -0.9092131438185769 -0.81168448286686
7.258064516129032 -0.7313626001227228 -0.9123358158036844 -0.8214031861830463
7.459677419354838 -0.7333997060836968 -0.915359396214848 -0.8309895748623329
7.661290322580645 -0.735443260117161 -0.9182893511095226 -0.8403886368514418
7.862903225806451 -0.7374931664522519 -0.9211307412071219 -0.849557189708169
8.064516129032258 -0.7395486954615109 -0.9238882786576618 -0.858463036619691
8.266129032258064 -0.7416085002643513 -0.9265663687298361 -0.8670835681326136
8.46774193548387 -0.743670639056245 -0.9291691403430228 -0.8754041995749078
8.669354838709676 -0.7457326062864142 -0.9317004685095353 -0.8834168411197856
8.870967741935484 -0.7477913754209436 -0.9341639910404631 -0.8911184980612683
9.07258064516129 -0.7498434553562624 -0.9365631212833196 -0.8985100431882714
9.274193548387096 -0.7518849615635697 -0.9389010581874678 -0.9055951699486666
9.475806451612902 -0.7539117017759147 -0.941180794619956 -0.9123795161835615
9.677419354838708 -0.755919274569378 -0.9434051245664244 -0.9188699400307444
9.879032258064516 -0.7579031776948919 -0.9455766496357316 -0.9250739293868951
10.080645161290322 -0.7598589216887845 -0.9476977851301365 -0.9309991308803319
10.282258064516128 -0.7617821433373547 -0.9497707658332686 -0.9366529902155416
10.483870967741934 -0.763668713165398 -0.9517976515949911 -0.942042500143499
10.685483870967742 -0.7655148313512583 -0.9537803327464418 -0.9471740535452253
10.887096774193548 -0.7673171073251452 -0.9557205353526933 -0.9520533969583762
11.088709677419354 -0.7690726196591057 -0.9576198262994304 -0.9566856752296523
11.29032258064516 -0.7707789545015977 -0.9594796182117115 -0.9610755523449148
11.491935483870966 -0.7724342225081721 -0.9613011742195058 -0.9652273884396663
11.693548387096774 -0.7740370557493457 -0.9630856126265399 -0.969145449748664
11.89516129032258 -0.7755865872709216 -0.9648339116316539 -0.9728341274892693
12.096774193548386 -0.7770824167523214 -0.9665469144529301 -0.9762981434817756
12.298387096774192 -0.7785245660446728 -0.9682253356407303 -0.9795427242960935
12.5 -0.7799134283244945 -0.9698697703138482 -0.9825737311548358
12.701612903225806 -0.7812497142610892 -0.9714807101237984 -0.9853977388494497
12.903225806451612 -0.78253439807003 -0.9730585742729572 -0.9880220626927929
13.104838709677418 -0.7837686657094117 -0.9746037736042389 -0.9904547373488682
13.306451612903224 -0.7849538668499405 -0.9761168451511711 -0.992704454802691
13.508064516129032 -0.7860914716715953 -0.9775987247297425 -0.9947804705974936
13.709677419354838 -0.7871830330430639 -0.9790512264511084 -0.996692487883599
13.911290322580644 -0.788230154241033 -0.980477549926954 -0.9984505281256509
14.11290322580645 -0.7892344620660564 -0.9818816863435786 -1.0000647959663729
14.314516129032258 -0.7901975850023628 -0.9832650234845897 -1.0015455442256838
14.516129032258064 -0.7911211359375362 -0.9846226863715705 -1.002902943701937
14.71774193548387 -0.7920066988896133 -0.9859457884665466 -1.004146961525482
14.919354838709676 -0.7928558191688504 -0.9872269925599044 -1.0052872512669004
15.120967741935482 -0.793669996415774 -0.9884628302487187 -1.006333057633747
15.32258064516129 -0.79445067999465 -0.9896529332520646 -1.0072931381574493
15.524193548387096 -0.7951992662729591 -0.9907986434395591 -1.008175703598261
15.725806451612902 -0.7959170973757014 -0.9919020225038182 -1.008988377841974
15.927419354838708 -0.7966054610632055 -0.9929653158123349 -1.009738176930864
16.129032258064516 -0.7972655914389358 -0.9939907052412528 -1.0104315057507451
16.33064516129032 -0.7978986702473062 -0.9949802125807549 -1.0110741699769472
16.532258064516128 -0.7985058285693843 -0.9959356731063229 -1.0116714002934508
16.733870967741936 -0.7990881487660156 -0.9968587392127932 -1.012227885680871
16.93548387096774 -0.7996466665533041 -0.9977508957501079 -1.0127478126798977
17.137096774193548 -0.8001823731247966 -0.998613479056278 -1.0132349078876035
17.338709677419352 -0.8006962172586779 -0.9994476962817549 -1.01369248143018
17.54032258064516 -0.8011891073673972 -1.0002546435826594 -1.0141234696841512
17.741935483870968 -0.8016619134620767 -1.0010353226249584 -1.0145304760206773
17.943548387096772 -0.802115469015459 -1.001790655237933 -1.0149158087833494
18.14516129032258 -0.8025505727156325 -1.0025214962573916 -1.0152815160614153
18.346774193548384 -0.8029679901089062 -1.0032286447407084 -1.0156294170866056
18.548387096774192 -0.8033684551344393 -1.003912853950238 -1.0159611302714082
18.75 -0.8037526715560283 -1.004574841160535 -1.016278098032883
18.951612903225804 -0.8041213142981066 -1.0052153010922438 -1.016581608623002
19.153225806451612 -0.8044750306938716 -1.0058349405980456 -1.0168728152268784
19.354838709677416 -0.8048144416536781 -1.006434637632712 -1.0171527526049495
19.556451612903224 -0.8051401427616808 -1.0070165279754906 -1.017422351552682
19.758064516129032 -0.8054527053082478 -1.0075931213878733 -1.017682451438164
19.959677419354836 -0.8057526772650714 -1.0081565166722593 -1.0179338110585197
20.161290322580644 -0.8060405842091907 -1.0087063898802922 -1.0181771180337806
20.362903225806452 -0.8063169302014216 -1.009242279046758 -1.0184129969336841
20.564516129032256 -0.8065821986239836 -1.0097602868553017 -1.0186420163102756
20.766129032258064 -0.8068368529814249 -1.010289829206808 -1.0188646947879452
20.96774193548387 -0.8070813376683417 -1.0108594679729515 -1.019081506343032
21.169354838709676 -0.8073160787068289 -1.011369003209562 -1.0192928848876042
21.370967741935484 -0.8075414844561081 -1.0118201147159445 -1.0194992282564428
21.57258064516129 -0.8077579462963727 -1.012363581757903 -1.0197009016825522
21.774193548387096 -0.8079658392885143 -1.012755044525227 -1.0198982408345436
21.9758064516129 -0.8081655228111084 -1.013226051357878 -1.0200915544788611
22.177419354838708 -0.8083573411757989 -1.0136914769599064 -1.020281126820813
22.379032258064516 -0.8085416242219984 -1.0141352482900343 -1.020467219570614
22.58064516129032 -0.8087186878916869 -1.014592135087249 -1.020650073773973
22.782258064516128 -0.808888834784958 -1.0149813157071568 -1.0208299114410109
22.983870967741932 -0.8090523546968602 -1.0153962279595663 -1.021006937002353
23.18548387096774 -0.8092095251360264 -1.0157975688348067 -1.0211813386170236
23.387096774193548 -0.8093606118255151 -1.0161212360218723 -1.021353289353109
23.588709677419352 -0.8095058691862695 -1.0164721194344615 -1.0215229482590458
23.79032258064516 -0.8096455408035631 -1.0168113865796105 -1.0216904613407047
23.991935483870968 -0.8097798598767972 -1.0171218596072396 -1.021855962457147
24.193548387096772 -0.8099090496530077 -1.017417223437231 -1.0220195741459421
24.39516129032258 -0.8100333238444337 -1.0176971628599918 -1.0221814083872545
24.596774193548384 -0.8101528870305085 -1.0179627348343834 -1.0223415673144534
24.798387096774192 -0.8102679350446378 -1.0182147783275606 -1.0225001438777483
25.0 -0.810378655346136 -1.0184538424624205 -1.0226572224663137
