0.0 0.6917637419163878 0.7272506534191215 0.5473573792215991
0.02002002002002002 0.6945569323734223 0.7371835330118968 0.5569619769036704
0.04004004004004004 0.6973684933778784 0.7471190412580009 0.5663062089798448
0.06006006006006006 0.7002027405417262 0.7569972572379245 0.5754041143324718
0.08008008008008008 0.7030627829791182 0.7667604082887712 0.5842833227146764
0.10010010010010009 0.7059506185927141 0.7763558059761232 0.5929796146483834
0.12012012012012012 0.7088672301113129 0.7857376463438974 0.6015282476355212
0.14014014014014015 0.7118126720692958 0.7948676236245293 0.609947232865896
0.16016016016016016 0.7147861432945308 0.8037147101184692 0.6182173343901907
0.18018018018018017 0.7177860428503696 0.8122546543884779 0.6262849889919463
0.20020020020020018 0.7208100097558965 0.8201516149410651 0.6340985309803662
0.22022022022022023 0.7238549483780652 0.8282199888708409 0.6416388260829492
0.24024024024024024 0.7269170423883653 0.8359364745143498 0.6489185078151838
0.2602602602602603 0.729991760815617 0.8432988050423205 0.6559667384699694
0.2802802802802803 0.7330738601601016 0.850316434938896 0.6628171800039407
0.3003003003003003 0.7361573868589045 0.8569994898546855 0.6695021331078017
0.3203203203203203 0.739235684653394 0.8633591961455953 0.676050345388315
0.34034034034034033 0.7423014116112401 0.8694075517136992 0.6824863438375074
0.36036036036036034 0.7453465716695562 0.8751569312033276 0.6888302734093442
0.38038038038038036 0.7483625655410785 0.8806197983176378 0.6950978909427474
0.40040040040040037 0.7513402655951459 0.8858085284406321 0.7013006471811531
0.42042042042042044 0.7542701188156632 0.8907353072155634 0.7074458786987116
0.44044044044044045 0.7571422810768426 0.8954120730384566 0.7135371364383973
0.46046046046046046 0.7599467847009328 0.8998504822670411 0.7195746524897795
0.4804804804804805 0.762673739520849 0.9040618853866673 0.7255559185211656
0.5005005005005005 0.7653135654303109 0.908057308483914 0.7314763304798771
0.5205205205205206 0.7678572516440226 0.9118474377425387 0.7373298483957724
0.5405405405405406 0.7702966346062916 0.9154426062930033 0.7431096253877603
0.5605605605605606 0.7726246827125137 0.9188527833975102 0.7488085716857422
0.5805805805805806 0.7748357718789788 0.9220875661270227 0.7544198328471702
0.6006006006006006 0.7769259318652051 0.925156173656376 0.7599371728626663
0.6206206206206206 0.778893039847203 0.9280674442054477 0.7653552608274979
0.6406406406406406 0.7807369362751965 0.9308298345509723 0.7706698642850913
0.6606606606606606 0.782459440135434 0.9334514219495142 0.7758779543197978
0.6806806806806807 0.7840642478954866 0.9359399082534303 0.7809777285155316
0.7007007007007007 0.7855567131810794 0.9383026259669076 0.7859685593216166
0.7207207207207207 0.7869435211800426 0.9405465459739124 0.7908508778225045
0.7407407407407407 0.7882322891546932 0.9426782866693376 0.7956260061992394
0.7607607607607607 0.7894311371653976 0.944704124234484 0.8002959554324592
0.7807807807807807 0.7905482768428594 0.9466300038146782 0.8048632069246787
0.8008008008008007 0.7915916594490875 0.948461551377627 0.8093304968670691
0.8208208208208209 0.7925687099392793 0.9502040860539205 0.8137006200933846
0.8408408408408409 0.7934861562005795 0.9518626327845503 0.8179762662470039
0.8608608608608609 0.794349947163336 0.9534419351232745 0.8221598961612157
0.8808808808808809 0.7951652432703964 0.9549464680635397 0.8262536613404119
0.9009009009009009 0.7959364585711991 0.9563804507800394 0.8302593650697937
0.9209209209209209 0.7966673343136343 0.9577478591935168 0.8341784603938395
0.9409409409409409 0.7973610273872751 0.9590524382841675 0.8380120781006848
0.960960960960961 0.7980202015052088 0.9602977140938268 0.8417610768297794
0.980980980980981 0.7986471133508025 0.9614870053701375 0.8454261072812664
1.001001001001001 0.7992436894318369 0.9626234348172575 0.8490076830268638
1.021021021021021 0.7998115919100837 0.9637099399274011 0.8525062514045618
1.0410410410410411 0.8003522733035632 0.9647492833758308 0.855922259254222
1.0610610610610611 0.8008670208906042 0.9657440629689553 0.859256209671786
1.0810810810810811 0.8013569920893046 0.9666967211410757 0.8625087073952529
1.1011011011011012 0.8018232422195072 0.9676095540001928 0.8656804917704416
1.1211211211211212 0.8022667460079039 0.968484719927293 0.8687724573850437
1.1411411411411412 0.8026884140590552 0.969324247736757 0.8717856633427492
1.1611611611611612 0.8030891053417111 0.9701300444081117 0.8747213327485915
1.1811811811811812 0.8034696365630168 0.9709039024013457 0.877580844300773
1.2012012012012012 0.8038307891399277 0.9716475065695619 0.880365717970482
1.2212212212212212 0.8041733143346617 0.9723624406838272 0.8830775966543515
1.2412412412412412 0.804497937001225 0.9730501935859034 0.8857182254650396
1.2612612612612613 0.8048053582917737 0.9737121649850111 0.8882894300407819
1.2812812812812813 0.8050962575924819 0.9743496709150432 0.8907930949512806
1.3013013013013013 0.805371293895727 0.9749639488687124 0.8932311429886857
1.3213213213213213 0.8056311067660055 0.9755561626250112 0.8956055158793036
1.3413413413413413 0.8058763170184966 0.9761274067861127 0.8979181567440001
1.3613613613613613 0.8061075271993536 0.9766787110395282 0.9001709944747468
1.3813813813813813 0.8063253219338651 0.9772110441608767 0.9023659300776947
1.4014014014014013 0.8065302681910659 0.9777253177721318 0.9045048249533073
1.4214214214214214 0.806722915500003 0.9782223898696737 0.9065894910336149
1.4414414414414414 0.8069037961427158 0.9787030681358652 0.9086216826683686
1.4614614614614614 0.8070734253414021 0.979168113047246 0.9106030901389297
1.4814814814814814 0.8072323014515062 0.9796182407918295 0.9125353346758295
1.5015015015015014 0.8073809061682532 0.9800541260073098 0.9144199648586353
1.5215215215215214 0.8075197047510726 0.9804764043513466 0.9162584542820874
1.5415415415415414 0.8076491462680531 0.9808856749144571 0.918052200378211
1.5615615615615615 0.8077696638610345 0.9812825024853975 0.9198025242890678
1.5815815815815815 0.8078816750307691 0.9816674196783152 0.9215106716883048
1.6016016016016015 0.807985581940876 0.9820409289303256 0.923177814451638
1.6216216216216217 0.8080817717388088 0.9824035043776244 0.9248050530770434
1.6416416416416417 0.8081706168917877 0.9827555936176652 0.9263934197551636
1.6616616616616617 0.8082524755355105 0.9830976193644396 0.9279438819898626
1.6816816816816818 0.8083276918334262 0.9834299810033772 0.9294573466684629
1.7017017017017018 0.8083965963443984 0.9837530560519427 0.9309346644815482
1.7217217217217218 0.8084595063966782 0.9840672015315769 0.9323766345936719
1.7417417417417418 0.808516726466232 0.9843727552562194 0.9337840094691824
1.7617617617617618 0.8085685485576148 0.9846700370422931 0.9351574997617809
1.7817817817817818 0.8086152525857339 0.984959349844698 0.9364977791824011
1.8018018018018018 0.8086571067570018 0.9852409808230521 0.9378054892673605
1.8218218218218218 0.8086943679485419 0.9855152023421258 0.9390812439773595
1.8418418418418419 0.8087272820842552 0.9857822729101913 0.9403256340674259
1.8618618618618619 0.8087560845066967 0.9860424380587411 0.9415392311780368
1.8818818818818819 0.8087810003438611 0.9862959311668609 0.9427225916080733
1.901901901901902 0.8088022448700779 0.9865429742333199 0.9438762597405835
1.921921921921922 0.8088200238603633 0.98678377859929 0.9450007711023098
1.941941941941942 0.8088345339376487 0.9870185456244447 0.9460966550472839
1.961961961961962 0.8088459629124312 0.9872474673190491 0.9471644370632816
1.981981981981982 0.8088544901144622 0.9874707269345162 0.9482046407074616
2.002002002002002 0.808860286716174 0.9876884995147909 0.9492177891839242
2.022022022022022 0.8088635160476154 0.9879009524108148 0.9502044065812394
2.042042042042042 0.8088643339027242 0.9881082457602067 0.951165018792154
2.062062062062062 0.8088628888368327 0.9883105329342203 0.9521001541407867
2.0820820820820822 0.8088593224553409 0.9885079609539195 0.9530103437447078
2.1021021021021022 0.8088537696935337 0.9887006708774495 0.9538961216404763
2.1221221221221223 0.8088463590875699 0.9888887981601852 0.9547580247016039
2.1421421421421423 0.8088372130366865 0.9890724729894441 0.9555965923776097
2.1621621621621623 0.80882644805671 0.9892518205954113 0.9564123662820107
2.1821821821821823 0.8088141750249644 0.989426961539795 0.9572058896557901
2.2022022022022023 0.8088004994167217 0.9895980119836981 0.9579777067312921
2.2222222222222223 0.8087855215333211 0.9897650839361068 0.9587283620196355
2.2422422422422423 0.8087693367221277 0.9899282854843094 0.9594583995427547
2.2622622622622623 0.808752035588497 0.9900877210075102 0.9601683620290892
2.2822822822822824 0.8087337041999283 0.9902434913748329 0.9608587900898703
2.3023023023023024 0.8087144242825931 0.9903956941288262 0.9615302213908887
2.3223223223223224 0.8086942734104425 0.9905444236555421 0.9621831898326307
2.3423423423423424 0.8086733251870781 0.9906897713421736 0.9628182247497746
2.3623623623623624 0.8086516494206064 0.990831825723202 0.9634358501392735
2.3823823823823824 0.808629312291671 0.9909706726159203 0.9640365839245761
2.4024024024024024 0.8086063765148703 0.9911063952461655 0.9646209372620356
2.4224224224224224 0.8085829014937669 0.9912390743650237 0.9651894138941722
2.4424424424424425 0.8085589434696954 0.9913687883572296 0.9657425095532212
2.4624624624624625 0.8085345556645677 0.9914956133419229 0.9662807114172945
2.4824824824824825 0.8085097884178772 0.9916196232663944 0.9668044976204949
2.5025025025025025 0.8084846893181044 0.9917408899933844 0.9673143368175148
2.5225225225225225 0.8084593033287074 0.9918594833824772 0.9678106878024583
2.5425425425425425 0.8084336729089054 0.9919754713660839 0.9682939991810761
2.5625625625625625 0.808407838129423 0.9920889200204662 0.9687647090950103
2.5825825825825826 0.8083818367833931 0.9921998936322256 0.9692232449962718
2.6026026026026026 0.8083557044925923 0.9923084547606431 0.9696700234697954
2.6226226226226226 0.8083294748091758 0.9924146642962228 0.9701054501016637
2.6426426426426426 0.8083031793130955 0.9925185815157688 0.970529919390384
2.6626626626626626 0.8082768477053522 0.9926202641342914 0.9709438146984563
2.6826826826826826 0.8082505078972517 0.9927197683540171 0.971347508241399
2.7027027027027026 0.808224186095813 0.9928171489107491 0.9717413611113371
2.7227227227227226 0.8081979068854883 0.9929124591178056 0.9721257233322629
2.7427427427427427 0.8081716933063239 0.9930057509077507 0.9725009339441191
2.7627627627627627 0.808145566928728 0.9930970748720899 0.9728673211129041
2.7827827827827827 0.8081195479249544 0.9931864802991155 0.9732252022640852
2.8028028028028027 0.8080936551374566 0.9932740152100543 0.9735748842367085
2.8228228228228227 0.8080679061442249 0.9933597263936446 0.9739166634557188
2.8428428428428427 0.8080423173212334 0.9934436594392902 0.974250826120113
2.8628628628628627 0.8080169039021237 0.993525858768889 0.9745776484047143
2.8828828828828827 0.8079916800352213 0.9936063676674434 0.9748973966734618
2.9029029029029028 0.8079666588380174 0.9936852283125572 0.9752103277022813
2.9229229229229228 0.8079418524491965 0.9937624818028795 0.9755166889097477
2.942942942942943 0.807917272078338 0.9938381681855967 0.9758167185938501
2.962962962962963 0.8078929280533697 0.9939123264830213 0.9761106461733816
2.982982982982983 0.8078688298658757 0.9939849947183482 0.9763986924325405
3.003003003003003 0.8078449862143542 0.9940562099406297 0.9766810697675014
3.023023023023023 0.8078214050454965 0.9941260082490173 0.9769579824338317
3.043043043043043 0.8077980935935932 0.9941944248163186 0.9772296267937414
3.063063063063063 0.8077750584181287 0.9942614939119034 0.9774961915622579
3.083083083083083 0.807752305439649 0.9943272489239982 0.9777578580515479
3.103103103103103 0.8077298399739846 0.9943917223813985 0.9780148004126713
3.123123123123123 0.8077076667648796 0.9944549459746254 0.9782671858741743
3.143143143143143 0.8076857900151211 0.994516950576563 0.9785151749769867
3.163163163163163 0.807664213416208 0.9945777662625795 0.9787589218051771
3.183183183183183 0.8076429401766487 0.9946374223301778 0.9789985742121948
3.203203203203203 0.807621973048922 0.9946959473181667 0.97923427404227
3.2232232232232234 0.8076013143551827 0.9947533690253942 0.9794661573467327
3.2432432432432434 0.8075809660117463 0.9948097145290422 0.9796943545950213
3.2632632632632634 0.8075609295524234 0.9948650102025045 0.9799189908802529
3.2832832832832834 0.8075412061507445 0.9949192817328568 0.9801401861192107
3.3033033033033035 0.8075217966411246 0.9949725541379284 0.9803580552466821
3.3233233233233235 0.8075027015390206 0.9950248517829942 0.9805727084041075
3.3433433433433435 0.807483921060118 0.9950761983970869 0.9807842511225094
3.3633633633633635 0.8074654551385989 0.9951266170889491 0.9809927844997218
3.3833833833833835 0.80744730344452 0.9951761303626184 0.9811984053719452
3.4034034034034035 0.8074294654003565 0.9952247601326724 0.9814012064796827
3.4234234234234235 0.8074119401967325 0.9952725277391253 0.9816012766281245
3.4434434434434436 0.8073947268073843 0.9953194539619911 0.9817987008420583
3.4634634634634636 0.8073778240033925 0.9953655590355182 0.981993560515407
3.4834834834834836 0.8073612303667053 0.9954108626620991 0.9821859335554981
3.5035035035035036 0.8073449443029975 0.9954553840258703 0.982375894522173
3.5235235235235236 0.807328964053885 0.9954991418059926 0.9825635147618623
3.5435435435435436 0.8073132877085292 0.9955421541896341 0.9827488625367456
3.5635635635635636 0.8072979132146603 0.9955844388846541 0.98293200314914
3.5835835835835836 0.80728283838904 0.9956260131319867 0.9831129990612354
3.6036036036036037 0.8072680609273943 0.9956668937177414 0.9832919100103179
3.6236236236236237 0.8072535784138372 0.9957070969850238 0.9834687931196247
3.6436436436436437 0.8072393883298155 0.9957466388454681 0.9836437030049544
3.6636636636636637 0.8072254880625812 0.9957855347905056 0.9838166918771855
3.6836836836836837 0.8072118749132335 0.9958237999023655 0.9839878096408209
3.7037037037037037 0.8071985461043361 0.9958614488648037 0.9841571039887176
3.7237237237237237 0.8071854987871281 0.9958984959735843 0.9843246204931106
3.7437437437437437 0.8071727300483634 0.9959349551467007 0.9844904026930794
3.7637637637637638 0.807160236916775 0.995970839934353 0.9846544921785827
3.7837837837837838 0.8071480163691939 0.9960061635286773 0.984816928671183
3.803803803803804 0.807136065336341 0.9960409387732402 0.9849777501015936
3.823823823823824 0.8071243807082958 0.9960751781722945 0.9851369926841563
3.843843843843844 0.807112959339669 0.9961088938998126 0.9852946909883891
3.863863863863864 0.8071017980544823 0.9961420978082857 0.9854508780076946
3.883883883883884 0.807090893650782 0.9961748014373109 0.9856055852253541
3.903903903903904 0.8070802429049819 0.9962070160219572 0.9857588426779209
3.923923923923924 0.8070698425759678 0.9962387525009208 0.9859106790160991
3.943943943943944 0.8070596894089559 0.9962700215244776 0.986061121563229
3.963963963963964 0.807049780139133 0.9963008334622278 0.9862101963714655
3.983983983983984 0.8070401114950787 0.9963311984106439 0.9863579282757459
4.004004004004004 0.8070306802019813 0.9963611262004295 0.9865043409456461
4.024024024024024 0.8070214829846625 0.9963906264036787 0.9866494569351962
4.044044044044044 0.8070125165704171 0.9964197083408636 0.9867932977307647
4.064064064064064 0.8070037776916734 0.996448381087626 0.9869358837970649
4.084084084084084 0.8069952630884852 0.9964766534814012 0.9870772346213924
4.104104104104104 0.8069869695108721 0.9965045341278723 0.9872173687561341
4.124124124124124 0.8069788937209967 0.9965320314072397 0.9873563038596561
4.1441441441441444 0.8069710324952072 0.9965591534803429 0.9874940567356131
4.1641641641641645 0.806963382625938 0.9965859082946118 0.9876306433707605
4.1841841841841845 0.806955940923481 0.9966123035898619 0.9877660789713241
4.2042042042042045 0.8069487042176332 0.9966383469039366 0.9879003779979951
4.2242242242242245 0.8069416693592264 0.9966640455782002 0.9880335541996057
4.2442442442442445 0.806934833221547 0.9966894067628808 0.9881656206455374
4.2642642642642645 0.8069281927016453 0.9967144374222776 0.9882965897569198
4.2842842842842845 0.8069217447215514 0.99673914433982 0.9884264733366723
4.3043043043043046 0.8069154862293884 0.9967635341229992 0.9885552825984284
4.324324324324325 0.806909414200398 0.9967876132081613 0.9886830281943976
4.344344344344345 0.8069035256378807 0.9968113878651741 0.9888097202422039
4.364364364364365 0.806897817574056 0.9968348642019674 0.9889353683507477
4.384384384384385 0.8068922870708407 0.9968580481689512 0.9890599816451184
4.404404404404405 0.8068869312205569 0.9968809455633115 0.9891835687906179
4.424424424424425 0.8068817471465741 0.9969035620331953 0.9893061380159054
4.444444444444445 0.8068767320038788 0.9969259030817744 0.9894276971353196
4.464464464464465 0.8068718829795875 0.9969479740712066 0.9895482535703943
4.484484484484485 0.8068671972933996 0.9969697802264819 0.9896678143706097
4.504504504504505 0.8068626721979938 0.9969913266391696 0.9897863862334053
4.524524524524525 0.8068583049793733 0.9970126182710565 0.9899039755234785
4.544544544544545 0.8068540929571627 0.9970336599576974 0.990020588291401
4.564564564564565 0.8068500334848528 0.9970544564118521 0.9901362302915734
4.584584584584585 0.8068461239500113 0.9970750122268436 0.9902509069995452
4.604604604604605 0.80684236177444 0.9970953318798144 0.9903646236287245
4.624624624624625 0.8068387444143029 0.9971154197348959 0.9904773851464888
4.644644644644645 0.8068352693602139 0.9971352800462977 0.9905891962897309
4.664664664664665 0.8068319341372845 0.9971549169612983 0.9907000615798485
4.684684684684685 0.8068287363051503 0.9971743345231655 0.9908099853372013
4.704704704704705 0.8068256734579569 0.9971935366739939 0.9909189716950496
4.724724724724725 0.806822743224322 0.997212527257458 0.9910270246129931
4.744744744744745 0.8068199432672689 0.9972313100214983 0.9911341478899258
4.764764764764765 0.8068172712841346 0.9972498886209292 0.9912403451765169
4.784784784784785 0.8068147250064559 0.9972682666199726 0.991345619987237
4.804804804804805 0.8068123021998332 0.9972864474947271 0.9914499757119404
4.824824824824825 0.8068100006637702 0.9973044346355645 0.9915534156270179
4.844844844844845 0.806807818231501 0.9973222313494621 0.991655942906127
4.864864864864865 0.806805752769791 0.9973398408622733 0.9917575606305146
4.884884884884885 0.806803802178731 0.9973572663209295 0.9918582717989481
4.904904904904905 0.8068019643915055 0.997374510795586 0.9919580793372493
4.924924924924925 0.8068002373741552 0.9973915772817086 0.9920569861074632
4.944944944944945 0.8067986191253196 0.9974084687020989 0.9921549949166455
4.964964964964965 0.8067971076759747 0.9974251879088687 0.9922521085253015
4.984984984984985 0.8067957010891522 0.9974417376853546 0.9923483296554694
5.005005005005005 0.8067943974596538 0.9974581207479856 0.9924436609984615
5.025025025025025 0.8067931949137508 0.9974743397480916 0.9925381052222709
5.045045045045045 0.8067920916088813 0.9974903972736754 0.9926316649786497
5.065065065065065 0.8067910857333349 0.9975062958511139 0.9927243429098692
5.085085085085085 0.8067901755059323 0.9975220379468375 0.9928161416551671
5.105105105105105 0.8067893591756978 0.9975376259689434 0.9929070638568829
5.125125125125125 0.8067886350215274 0.9975530622687762 0.9929971121663027
5.145145145145145 0.8067880013518471 0.9975683491424584 0.9930862892492002
5.165165165165165 0.806787456504277 0.9975834888323826 0.9931745977911002
5.185185185185185 0.8067869988452774 0.9975984835286608 0.9932620405022528
5.205205205205205 0.8067866267698058 0.997613335370533 0.9933486201223388
5.225225225225225 0.8067863387009582 0.997628046447739 0.9934343394249008
5.245245245245245 0.8067861330896187 0.9976426188018528 0.9935192012215117
5.265265265265265 0.8067860084140998 0.9976570544275761 0.9936032083656905
5.285285285285285 0.8067859631797837 0.9976713552740014 0.9936863637565566
5.305305305305305 0.8067859959187649 0.9976855232458387 0.9937686703422458
5.325325325325325 0.8067861051894868 0.9976995602046037 0.9938501311230767
5.345345345345345 0.8067862895763821 0.9977134679697829 0.9939307491544926
5.365365365365365 0.8067865476895114 0.9977272483199576 0.9940105275497566
5.385385385385385 0.8067868781642037 0.9977409029939013 0.9940894694824414
5.405405405405405 0.8067872796606932 0.9977544336916486 0.9941675781886812
5.425425425425425 0.806787750863762 0.9977678420755285 0.9942448569692202
5.445445445445445 0.8067882904823822 0.9977811297711784 0.9943213091912508
5.465465465465465 0.8067888972493557 0.9977942983685201 0.9943969382900424
5.485485485485485 0.8067895699209606 0.9978073494227199 0.994471747770382
5.505505505505505 0.8067903072765978 0.9978202844551114 0.9945457412078111
5.525525525525525 0.8067911081184376 0.9978331049541002 0.9946189222496858
5.545545545545545 0.8067919712710694 0.9978458123760456 0.9946912946160438
5.565565565565565 0.8067928955811551 0.9978584081461089 0.9947628621003077
5.585585585585585 0.8067938799170823 0.9978708936590879 0.9948336285698054
5.605605605605605 0.8067949231686241 0.9978832702802244 0.9949035979661309
5.625625625625625 0.8067960242465969 0.9978955393459876 0.9949727743053475
5.645645645645645 0.8067971820825215 0.9979077021648434 0.9950411616780264
5.665665665665665 0.8067983956282928 0.9979197600179921 0.9951087642491493
5.685685685685685 0.806799663855847 0.9979317141600981 0.9951755862578552
5.7057057057057055 0.8068009857568315 0.9979435658199876 0.9952416320170555
5.7257257257257255 0.8068023603422825 0.997955316201336 0.9953069059129145
5.7457457457457455 0.8068037866423006 0.9979669664833348 0.9953714124042017
5.7657657657657655 0.8068052637057358 0.9979785178213346 0.995435156021524
5.7857857857857855 0.806806790599871 0.9979899713474807 0.9954981413664383
5.8058058058058055 0.8068083664101094 0.9980013281713221 0.9955603731104554
5.8258258258258255 0.8068099902396686 0.9980125893804063 0.9956218559939338
5.8458458458458455 0.8068116612092754 0.9980237560408657 0.9956825948248811
5.865865865865866 0.8068133784568655 0.9980348291979739 0.9957425944776486
5.885885885885886 0.8068151411372868 0.9980458098767 0.995801859891546
5.905905905905906 0.8068169484220042 0.9980566990822393 0.9958603960693629
5.925925925925926 0.8068187994988141 0.9980674978005338 0.9959182080758184
5.945945945945946 0.806820693571553 0.9980782069987773 0.995975301035928
5.965965965965966 0.806822629859821 0.998088827625907 0.996031680133306
5.985985985985986 0.8068246075986997 0.9980993606130805 0.9960873506083996
6.006006006006006 0.8068266260384787 0.998109806874143 0.9961423177566657
6.026026026026026 0.8068286844443857 0.9981201673060762 0.9961965869266918
6.046046046046046 0.8068307820963172 0.9981304427894442 0.9962501635182639
6.066066066066066 0.8068329182885777 0.9981406341888157 0.9963030529803913
6.086086086086086 0.8068350923296189 0.9981507423531829 0.9963552608092874
6.106106106106106 0.8068373035417842 0.9981607681163692 0.9964067925463167
6.126126126126126 0.8068395512610558 0.998170712297419 0.9964576537759056
6.146146146146146 0.8068418348368089 0.9981805757009844 0.9965078501234267
6.166166166166166 0.8068441536315628 0.9981903591176973 0.9965573872530582
6.186186186186186 0.8068465070207433 0.9982000633245335 0.9966062708656231
6.206206206206206 0.8068488943924467 0.9982096890851626 0.9966545066964112
6.226226226226226 0.8068513151472011 0.9982192371502961 0.9967021005129892
6.246246246246246 0.8068537686977404 0.9982287082580176 0.9967490581129992
6.266266266266266 0.8068562544687774 0.9982381031341105 0.9967953853219584
6.286286286286286 0.8068587718967793 0.9982474224923731 0.9968410879910474
6.306306306306306 0.8068613204297513 0.9982566670349257 0.9968861719949059
6.326326326326326 0.8068638995270164 0.9982658374525123 0.9969306432294328
6.346346346346346 0.8068665086590073 0.9982749344247889 0.9969745076095891
6.366366366366366 0.8068691473070558 0.9982839586206087 0.9970177710672151
6.386386386386386 0.8068718149631874 0.9982929106982958 0.9970604395488615
6.406406406406406 0.806874511129918 0.9983017913059163 0.9971025190136319
6.426426426426427 0.8068772353200576 0.9983106010815357 0.997144015431047
6.446446446446447 0.8068799870565153 0.9983193406534729 0.9971849347789304
6.466466466466467 0.8068827658721014 0.9983280106405501 0.9972252830413101
6.486486486486487 0.8068855713093459 0.9983366116523285 0.9972650662063591
6.506506506506507 0.8068884029203086 0.9983451442893444 0.9973042902643484
6.526526526526527 0.8068912602663973 0.9983536091433356 0.9973429612056394
6.546546546546547 0.8068941429181898 0.9983620067974618 0.9973810850187
6.566566566566567 0.8068970504552551 0.9983703378265198 0.9974186676881622
6.586586586586587 0.8068999824659796 0.9983786027971512 0.9974557151929049
6.606606606606607 0.8069029385474031 0.9983868022680484 0.997492233504175
6.626626626626627 0.8069059183050442 0.9983949367901479 0.9975282285837526
6.646646646646647 0.8069089213527391 0.9984030069068259 0.997563706382142
6.666666666666667 0.8069119473124792 0.9984110131540859 0.9975986728368138
6.686686686686687 0.8069149958142552 0.9984189560607345 0.9976331338704788
6.706706706706707 0.8069180664958969 0.9984268361485661 0.997667095389409
6.726726726726727 0.8069211590029247 0.9984346539325285 0.9977005632817976
6.746746746746747 0.8069242729883951 0.9984424099208925 0.9977335434161619
6.766766766766767 0.8069274081127563 0.9984501046154161 0.9977660416397917
6.786786786786787 0.8069305640437024 0.9984577385114983 0.9977980637772392
6.806806806806807 0.8069337404560302 0.9984653120983361 0.997829615628856
6.826826826826827 0.8069369370314996 0.9984728258590722 0.9978607029693702
6.846846846846847 0.8069401534586996 0.9984802802709422 0.9978913315465163
6.866866866866867 0.8069433894329079 0.9984876758054125 0.9979215070797012
6.886886886886887 0.8069466446559634 0.9984950129283193 0.9979512352587225
6.906906906906907 0.8069499188361349 0.9985022921000049 0.9979805217425294
6.926926926926927 0.8069532116879933 0.9985095137754401 0.998009372158028
6.946946946946947 0.8069565229322871 0.9985166784043586 0.9980377920989338
6.966966966966967 0.80695985229582 0.9985237864313737 0.9980657871246698
6.986986986986987 0.8069631995113296 0.9985308382960995 0.9980933627593046
7.007007007007007 0.8069665643173695 0.9985378344332676 0.9981205244905433
7.027027027027027 0.8069699464581934 0.9985447752728371 0.9981472777687549
7.047047047047047 0.8069733456836423 0.9985516612401042 0.9981736280060458
7.067067067067067 0.8069767617490321 0.9985584927558143 0.9981995805753814
7.087087087087087 0.8069801944150414 0.9985652702362543 0.9982251408097448
7.107107107107107 0.8069836434476108 0.9985719940933632 0.9982503140013401
7.127127127127127 0.8069871086178287 0.9985786647348249 0.9982751054008365
7.147147147147147 0.8069905897018352 0.9985852825641619 0.9982995202166576
7.167167167167167 0.8069940864807169 0.998591847980828 0.9983235636143059
7.187187187187187 0.8069975987404087 0.9985983613803029 0.9983472407157322
7.207207207207207 0.8070011262715939 0.9986048231541704 0.998370556598742
7.227227227227227 0.807004668869612 0.9986112336902079 0.9983935162964394
7.247247247247247 0.8070082263343615 0.998617593372468 0.9984161247967103
7.267267267267267 0.80701179847021 0.9986239025813577 0.9984383870417467
7.287287287287287 0.8070153850859021 0.9986301616937131 0.998460307927599
7.307307307307307 0.8070189859944723 0.9986363710828796 0.9984818923037699
7.327327327327327 0.8070226010131569 0.9986425311187801 0.9985031449728429
7.347347347347347 0.8070262299633089 0.9986486421679868 0.9985240706901422
7.367367367367367 0.8070298726703151 0.9986547045937921 0.9985446741634293
7.387387387387387 0.8070335289635132 0.9986607187562732 0.9985649600526273
7.407407407407407 0.8070371986761128 0.998666685012357 0.9985849329695805
7.4274274274274275 0.8070408816451142 0.9986726037158832 0.9986045974778461
7.4474474474474475 0.8070445777112335 0.9986784752176664 0.9986239580925079
7.4674674674674675 0.8070482867188258 0.9986842998655531 0.9986430192800299
7.4874874874874875 0.8070520085158098 0.9986900780044813 0.9986617854581279
7.5075075075075075 0.8070557429535989 0.9986958099765346 0.9986802609956781
7.5275275275275275 0.8070594898870238 0.9987014961209978 0.9986984502126401
7.5475475475475475 0.8070632491742672 0.9987071367744079 0.9987163573800207
7.5675675675675675 0.8070670206767941 0.9987127322706071 0.9987339867198478
7.587587587587588 0.8070708042592822 0.9987182829407893 0.9987513424051784
7.607607607607608 0.8070745997895592 0.9987237891135518 0.9987684285601247
7.627627627627628 0.8070784071385374 0.9987292511149376 0.9987852492599044
7.647647647647648 0.8070822261801477 0.9987346692684855 0.9988018085309139
7.667667667667668 0.8070860567912802 0.9987400438952674 0.9988181103508167
7.687687687687688 0.8070898988517224 0.9987453753139384 0.9988341586486598
7.707707707707708 0.8070937522441002 0.9987506638407714 0.9988499573050024
7.727727727727728 0.8070976168538178 0.9987559097897005 0.9988655101520675
7.747747747747748 0.8071014925690018 0.9987611134723601 0.9988808209739081
7.767767767767768 0.8071053792804449 0.9987662751981183 0.9988958935065918
7.787787787787788 0.8071092768815491 0.9987713952741198 0.9989107314384037
7.807807807807808 0.807113185268275 0.9987764740053154 0.9989253384100585
7.827827827827828 0.8071171043390846 0.9987815116944987 0.9989397180149362
7.847847847847848 0.8071210339948943 0.9987865086423404 0.9989538737993252
7.867867867867868 0.8071249741390197 0.9987914651474181 0.9989678092626805
7.887887887887888 0.8071289246771277 0.9987963815062479 0.9989815278578946
7.907907907907908 0.8071328855171886 0.9988012580133168 0.9989950329915838
7.927927927927928 0.8071368565694275 0.9988060949611091 0.9990083280243819
7.947947947947948 0.8071408377462764 0.9988108926401357 0.9990214162712472
7.967967967967968 0.807144828962329 0.9988156513389637 0.999034301001777
7.987987987987988 0.8071488301342964 0.9988203713442395 0.9990469854405366
8.008008008008009 0.8071528411809634 0.9988250529407176 0.9990594727673933
8.028028028028029 0.8071568620231422 0.998829696411282 0.9990717661178614
8.048048048048049 0.8071608925836347 0.9988343020369762 0.9990838685834545
8.068068068068069 0.8071649327871869 0.9988388700970209 0.999095783212046
8.088088088088089 0.80716898256045 0.9988434008688388 0.9991075130082335
8.108108108108109 0.8071730418319416 0.9988478946280792 0.999119060933718
8.128128128128129 0.807177110532005 0.9988523516486357 0.9991304299076774
8.148148148148149 0.8071811885927714 0.9988567722026663 0.999141622807159
8.168168168168169 0.807185275948124 0.9988611565606195 0.9991526424674627
8.188188188188189 0.8071893725336576 0.9988655049912449 0.9991634916825446
8.208208208208209 0.8071934782866481 0.9988698177616201 0.9991741732054118
8.228228228228229 0.8071975931460115 0.9988740951371642 0.999184689748528
8.248248248248249 0.8072017170522736 0.9988783373816559 0.9991950439842238
8.268268268268269 0.8072058499475345 0.9988825447572519 0.9992052385451028
8.288288288288289 0.8072099917754365 0.9988867175245038 0.9992152760244598
8.308308308308309 0.8072141424811304 0.9988908559423701 0.9992251589766964
8.328328328328329 0.8072183020112434 0.9988949602682391 0.9992348899177392
8.348348348348349 0.8072224703138511 0.9988990307579362 0.9992444713254581
8.368368368368369 0.8072266473384425 0.9989030676657428 0.9992539056400953
8.388388388388389 0.8072308330358949 0.9989070712444095 0.9992631952646804
8.408408408408409 0.80723502735844 0.9989110417451694 0.9992723425654614
8.428428428428429 0.8072392302596384 0.9989149794177526 0.9992813498723252
8.448448448448449 0.8072434416943516 0.9989188845103973 0.9992902194792285
8.468468468468469 0.8072476616187124 0.9989227572698627 0.9992989536446162
8.488488488488489 0.8072518899900987 0.9989265979414422 0.9993075545918553
8.508508508508509 0.8072561267671092 0.9989304067689729 0.9993160245096548
8.528528528528529 0.8072603719095355 0.9989341839948502 0.9993243655524945
8.548548548548549 0.8072646253783357 0.9989379298600358 0.999332579841045
8.568568568568569 0.8072688871356134 0.9989416446040676 0.9993406694625937
8.588588588588589 0.807273157144591 0.9989453284650758 0.9993486364714685
8.608608608608609 0.8072774353695842 0.9989489816797844 0.9993564828894573
8.62862862862863 0.8072817217759829 0.998952604483529 0.9993642107062265
8.64864864864865 0.8072860163302253 0.9989561971102604 0.9993718218797396
8.66866866866867 0.8072903189997764 0.9989597597925582 0.9993793183366745
8.68868868868869 0.8072946297531073 0.9989632927616341 0.9993867019728367
8.70870870870871 0.8072989485596705 0.9989667962473471 0.9993939746535715
8.72872872872873 0.8073032753898844 0.998970270478206 0.9994011382141742
8.74874874874875 0.807307610215107 0.9989737156813833 0.9994081944602962
8.76876876876877 0.8073119530076198 0.9989771320827171 0.999415145168353
8.78878878878879 0.8073163037406054 0.9989805199067231 0.9994219920859232
8.80880880880881 0.8073206623881304 0.9989838793766004 0.9994287369321518
8.82882882882883 0.8073250289251258 0.9989872107142381 0.9994353813981439
8.84884884884885 0.8073294033273676 0.9989905141402248 0.9994419271473609
8.86886886886887 0.8073337855714596 0.9989937898738535 0.9994483758160113
8.88888888888889 0.8073381756348159 0.9989970381331282 0.9994547290134382
8.90890890890891 0.8073425734956438 0.9990002591347713 0.9994609883225053
8.92892892892893 0.8073469791329233 0.9990034530942297 0.9994671552999761
8.94894894894895 0.8073513925263971 0.9990066202256809 0.9994732314768973
8.96896896896897 0.8073558136565473 0.9990097607420396 0.9994792183589682
8.98898898898899 0.8073602425045853 0.9990128748549622 0.9994851174269161
9.00900900900901 0.8073646790524309 0.9990159627748544 0.9994909301368636
9.02902902902903 0.807369123282702 0.9990190247108747 0.9994966579206928
9.04904904904905 0.8073735751786958 0.9990220608709431 0.9995023021864081
9.06906906906907 0.8073780347243752 0.9990250714617437 0.9995078643184915
9.08908908908909 0.8073825019043563 0.9990280566887294 0.9995133456782591
9.10910910910911 0.8073869767038926 0.9990310167561306 0.9995187476042091
9.12912912912913 0.8073914591088597 0.999033951866957 0.9995240714123714
9.14914914914915 0.8073959491057462 0.9990368622230041 0.9995293183966473
9.16916916916917 0.8074004466816351 0.9990397480248572 0.9995344898291514
9.18918918918919 0.8074049518241967 0.9990426094718978 0.9995395869605461
9.20920920920921 0.8074094645216708 0.9990454467623054 0.9995446110203727
9.22922922922923 0.807413984762857 0.999048260093065 0.9995495632173812
9.24924924924925 0.8074185125371016 0.9990510496599716 0.9995544447398527
9.26926926926927 0.8074230478342882 0.9990538156576307 0.9995592567559202
9.28928928928929 0.8074275906448218 0.9990565582794684 0.9995640004138858
9.30930930930931 0.8074321409596201 0.99905927771773 0.9995686768425331
9.32932932932933 0.8074366987701028 0.999061974163491 0.9995732871514371
9.34934934934935 0.8074412640681793 0.9990646478066533 0.9995778324312675
9.36936936936937 0.8074458368462386 0.9990672988359565 0.9995823137540923
9.38938938938939 0.8074504170971394 0.9990699274389785 0.9995867321736738
9.40940940940941 0.8074550048141977 0.9990725338021378 0.9995910887257619
9.42942942942943 0.8074595999911809 0.9990751181107035 0.9995953844283885
9.44944944944945 0.8074642026222929 0.9990776805487926 0.9995996202821463
9.46946946946947 0.8074688127021696 0.9990802212993786 0.9996037972704789
9.48948948948949 0.807473430225864 0.9990827405442931 0.9996079163599557
9.50950950950951 0.8074780551888434 0.9990852384642306 0.9996119785005468
9.52952952952953 0.8074826875869746 0.9990877152387521 0.9996159846258965
9.54954954954955 0.807487327416519 0.9990901710462872 0.999619935653589
9.56956956956957 0.8074919746741214 0.9990926060641425 0.9996238324854131
9.58958958958959 0.8074966293568038 0.9990950204685008 0.9996276760076244
9.60960960960961 0.8075012914619539 0.999097414434426 0.9996314670911985
9.62962962962963 0.8075059609873224 0.9990997881358686 0.9996352065920895
9.64964964964965 0.8075106379310093 0.9991021417456668 0.9996388953514729
9.66966966966967 0.8075153222914597 0.9991044754355528 0.9996425341959978
9.68968968968969 0.8075200140674549 0.999106789376154 0.9996461239380268
9.70970970970971 0.8075247132581054 0.9991090837369991 0.9996496653758753
9.72972972972973 0.8075294198628434 0.9991113586865191 0.9996531592940463
9.74974974974975 0.8075341338814171 0.9991136143920543 0.9996566064634654
9.76976976976977 0.8075388553138795 0.9991158510198537 0.9996600076417068
9.78978978978979 0.8075435841605888 0.9991180687350832 0.9996633635732202
9.80980980980981 0.8075483204221928 0.9991202677018259 0.9996666749895528
9.82982982982983 0.8075530640996317 0.9991224480830876 0.9996699426095671
9.84984984984985 0.8075578151941237 0.9991246100407988 0.9996731671396584
9.86986986986987 0.8075625737071641 0.9991267537358195 0.9996763492739651
9.88988988988989 0.807567339640516 0.9991288793279438 0.9996794896945788
9.90990990990991 0.8075721129962073 0.999130986975901 0.9996825890717502
9.92992992992993 0.8075768937765211 0.9991330768373619 0.9996856480640928
9.94994994994995 0.8075816819839939 0.9991351490689392 0.9996886673187784
9.96996996996997 0.8075864776214075 0.9991372038261956 0.9996916474717396
9.98998998998999 0.8075912806917834 0.9991392412636431 0.9996945891478584
10.01001001001001 0.8075960911983788 0.9991412615347499 0.9996974929611591
10.03003003003003 0.8076009091446816 0.9991432647919418 0.9997003595149964
10.05005005005005 0.8076057345344032 0.9991452511866088 0.9997031894022371
10.07007007007007 0.8076105673714745 0.9991472208691037 0.999705983205444
10.09009009009009 0.8076154076600428 0.9991491739887519 0.9997087414970552
10.11011011011011 0.8076202554044636 0.999151110693851 0.9997114648395573
10.13013013013013 0.8076251106092991 0.9991530311316756 0.9997141537856608
10.15015015015015 0.8076299732793104 0.9991549354484827 0.9997168088784696
10.17017017017017 0.8076348434194575 0.9991568237895118 0.9997194306516496
10.19019019019019 0.8076397210348895 0.9991586962989931 0.9997220196295911
10.21021021021021 0.8076446061309442 0.9991605531201466 0.9997245763275727
10.23023023023023 0.8076494987131414 0.9991623943951908 0.9997271012519222
10.25025025025025 0.8076543987871824 0.9991642202653426 0.9997295949001707
10.27027027027027 0.8076593063589419 0.9991660308708223 0.9997320577612082
10.29029029029029 0.8076642214344653 0.9991678263508594 0.9997344903154365
10.31031031031031 0.8076691440199661 0.9991696068436942 0.9997368930349178
10.33033033033033 0.8076740741218212 0.9991713724865812 0.99973926638352
10.35035035035035 0.8076790117465664 0.999173123415794 0.9997416108170624
10.37037037037037 0.8076839569008952 0.9991748597666318 0.9997439267834594
10.39039039039039 0.8076889095916523 0.9991765816734174 0.9997462147228586
10.41041041041041 0.8076938698258322 0.9991782892695071 0.9997484750677755
10.43043043043043 0.807698837610575 0.9991799826872904 0.9997507082432343
10.45045045045045 0.8077038129531631 0.9991816620581968 0.9997529146668943
10.47047047047047 0.8077087958610175 0.9991833275126968 0.9997550947491873
10.49049049049049 0.8077137863416978 0.9991849791803099 0.9997572488934388
10.51051051051051 0.807718784402893 0.9991866171896057 0.9997593774959994
10.53053053053053 0.8077237900524239 0.9991882416682072 0.9997614809463654
10.55055055055055 0.8077288032982377 0.9991898527427987 0.9997635596273037
10.57057057057057 0.8077338241484071 0.9991914505391234 0.999765613914969
10.59059059059059 0.8077388526111224 0.9991930351819956 0.9997676441790234
10.61061061061061 0.8077438886946976 0.999194606795299 0.9997696507827488
10.63063063063063 0.8077489324075571 0.9991961655019915 0.9997716340831672
10.65065065065065 0.8077539837582408 0.9991977114241111 0.9997735944311446
10.67067067067067 0.8077590427554004 0.9991992446827794 0.9997755321715063
10.69069069069069 0.8077641094077926 0.9992007653982043 0.9997774476431437
10.71071071071071 0.8077691837242811 0.9992022736896862 0.999779341179117
10.73073073073073 0.8077742657138323 0.9992037696756207 0.9997812131067659
10.75075075075075 0.8077793553855134 0.9992052534735042 0.9997830637478061
10.77077077077077 0.807784452748489 0.999206725199936 0.9997848934184324
10.79079079079079 0.8077895578120211 0.9992081849706232 0.9997867024294171
10.81081081081081 0.8077946705854647 0.9992096329003874 0.9997884910862092
10.83083083083083 0.8077997910782667 0.9992110691031655 0.9997902596890239
10.85085085085085 0.807804919299962 0.9992124936920158 0.999792008532945
10.87087087087087 0.8078100552601748 0.9992139067791208 0.9997937379080091
10.89089089089089 0.8078151989686146 0.9992153084757931 0.9997954480993018
10.91091091091091 0.8078203504350725 0.9992166988924794 0.9997971393870421
10.93093093093093 0.8078255096694232 0.9992180781387633 0.9997988120466731
10.95095095095095 0.8078306766816187 0.999219446323371 0.9998004663489464
10.97097097097097 0.8078358514816913 0.9992208035541758 0.9998021025600056
10.99099099099099 0.8078410340797467 0.9992221499381996 0.999803720941471
11.01101101101101 0.8078462244859664 0.9992234855816233 0.9998053217505186
11.03103103103103 0.807851422710603 0.9992248105897819 0.9998069052399624
11.05105105105105 0.8078566287639807 0.9992261250671778 0.9998084716583309
11.07107107107107 0.8078618426564921 0.9992274291174815 0.9998100212499437
11.09109109109109 0.8078670643985977 0.9992287228435351 0.9998115542549894
11.11111111111111 0.8078722940008227 0.9992300063473549 0.9998130709095987
11.13113113113113 0.8078775314737584 0.999231279730142 0.9998145714459168
11.15115115115115 0.807882776828057 0.9992325430922808 0.9998160560921758
11.17117117117117 0.8078880300744317 0.9992337965333461 0.9998175250727651
11.19119119119119 0.8078932912236584 0.9992350401521061 0.9998189786082994
11.21121121121121 0.8078985602865681 0.999236274046528 0.999820416915688
11.23123123123123 0.8079038372740502 0.9992374983137817 0.9998218402082002
11.25125125125125 0.8079091221970497 0.9992387130502441 0.9998232486955331
11.27127127127127 0.8079144150665656 0.9992399183515046 0.9998246425838707
11.29129129129129 0.8079197158936506 0.999241114312366 0.9998260220759544
11.31131131131131 0.8079250246894073 0.9992423010268556 0.9998273873711374
11.33133133133133 0.8079303414649914 0.9992434785882203 0.9998287386654514
11.35135135135135 0.8079356662316054 0.9992446470889406 0.9998300761516627
11.37137137137137 0.8079409990005025 0.9992458066207275 0.9998314000193328
11.391391391391391 0.8079463397829812 0.9992469572745317 0.9998327104548747
11.411411411411411 0.8079516885903854 0.9992480991405454 0.9998340076416107
11.431431431431431 0.8079570454341045 0.9992492323082064 0.9998352917598263
11.451451451451451 0.8079624103255719 0.9992503568662056 0.9998365629868261
11.471471471471471 0.8079677832762632 0.999251472902487 0.9998378214969876
11.491491491491491 0.8079731642976956 0.9992525805042574 0.9998390674618122
11.511511511511511 0.8079785534014264 0.9992536797579853 0.9998403010499768
11.531531531531531 0.8079839505990533 0.999254770749408 0.9998415224273871
11.551551551551551 0.8079893559022117 0.9992558535635366 0.9998427317572226
11.571571571571571 0.8079947693225763 0.9992569282846597 0.9998439291999912
11.591591591591591 0.8080001908718566 0.9992579949963462 0.9998451149135719
11.611611611611611 0.8080056205617995 0.9992590537814529 0.9998462890532651
11.631631631631631 0.8080110584041852 0.9992601047221255 0.9998474517718373
11.651651651651651 0.8080165044108301 0.9992611478998062 0.9998486032195669
11.671671671671671 0.808021958593583 0.9992621833952338 0.9998497435442895
11.691691691691691 0.8080274209643246 0.9992632112884536 0.9998508728914383
11.711711711711711 0.8080328915349675 0.9992642316588173 0.9998519914040922
11.731731731731731 0.8080383703174555 0.9992652445849881 0.9998530992230138
11.751751751751751 0.8080438573237629 0.9992662501449474 0.9998541964866915
11.771771771771771 0.8080493525658933 0.999267248415997 0.9998552833313822
11.791791791791791 0.8080548560558776 0.9992682394747627 0.9998563598911474
11.811811811811811 0.8080603678057772 0.9992692233972025 0.9998574262978969
11.831831831831831 0.8080658878276776 0.9992702002586059 0.9998584826814224
11.851851851851851 0.8080714161336936 0.9992711701336021 0.9998595291694389
11.871871871871871 0.8080769527359647 0.9992721330961616 0.99986056588762
11.891891891891891 0.8080824976466562 0.9992730892196027 0.9998615929596337
11.911911911911911 0.808088050877957 0.9992740385765941 0.9998626105071812
11.931931931931931 0.8080936124420807 0.9992749812391604 0.9998636186500258
11.951951951951951 0.808099182351265 0.9992759172786864 0.9998646175060337
11.971971971971971 0.8081047606177694 0.9992768467659192 0.9998656071912037
11.991991991991991 0.8081103472538755 0.9992777697709757 0.9998665878197026
12.012012012012011 0.8081159422718879 0.9992786863633442 0.9998675595038956
12.032032032032031 0.8081215456841309 0.9992795966118898 0.9998685223543785
12.052052052052051 0.8081271575029503 0.9992805005848588 0.9998694764800118
12.072072072072071 0.8081327777407111 0.9992813983498826 0.999870421987947
12.092092092092091 0.8081384064097997 0.9992822899739816 0.9998713589836611
12.112112112112111 0.8081440435226185 0.9992831755235692 0.999872287570982
12.132132132132131 0.8081496890915916 0.9992840550644576 0.9998732078521219
12.152152152152151 0.8081553431291585 0.9992849286618599 0.9998741199277023
12.172172172172171 0.8081610056477795 0.9992857963803966 0.9998750238967823
12.192192192192191 0.8081666766599285 0.9992866582840965 0.9998759198568891
12.212212212212211 0.8081723561780979 0.999287514436402 0.9998768079040423
12.232232232232231 0.8081780442147976 0.9992883649001774 0.9998776881327813
12.252252252252251 0.8081837407825503 0.9992892097377056 0.9998785606361883
12.272272272272271 0.808189445893897 0.9992900490107002 0.9998794255059206
12.292292292292291 0.8081951595613918 0.9992908827803004 0.9998802828322291
12.312312312312311 0.8082008817976044 0.9992917111070848 0.9998811327039854
12.332332332332332 0.8082066126151185 0.999292534051068 0.9998819752087067
12.352352352352352 0.8082123520265321 0.9992933516717079 0.9998828104325783
12.372372372372372 0.8082181000444559 0.9992941640279088 0.9998836384604769
12.392392392392392 0.8082238566815132 0.999294971178029 0.9998844593759939
12.412412412412412 0.808229621950343 0.9992957731798777 0.9998852732614573
12.432432432432432 0.8082353958635932 0.9992965700907243 0.9998860801979551
12.452452452452452 0.8082411784339252 0.999297361967302 0.999886880265354
12.472472472472472 0.8082469696740124 0.9992981488658084 0.9998876735423244
12.492492492492492 0.80825276959654 0.9992989308419157 0.9998884601063572
12.512512512512512 0.8082585782142038 0.9992997079507666 0.9998892400337873
12.532532532532532 0.8082643955397097 0.9993004802469847 0.9998900133998125
12.552552552552552 0.8082702215857751 0.9993012477846758 0.9998907802785132
12.572572572572572 0.8082760563651276 0.9993020106174301 0.9998915407428699
12.592592592592592 0.808281899890504 0.9993027687983318 0.9998922948647878
12.612612612612612 0.8082877521746518 0.999303522379956 0.9998930427151083
12.632632632632632 0.8082936132303266 0.9993042714143755 0.9998937843636312
12.652652652652652 0.8082994830702943 0.999305015953166 0.9998945198791325
12.672672672672672 0.8083053617073289 0.9993057560474096 0.999895249329381
12.692692692692692 0.808311249154213 0.9993064917476954 0.9998959727811568
12.712712712712712 0.8083171454237381 0.9993072231041262 0.9998966903002675
12.732732732732732 0.8083230505287038 0.9993079501663229 0.9998974019515636
12.752752752752752 0.8083289644819166 0.9993086729834249 0.9998981077989567
12.772772772772772 0.808334887296191 0.9993093916040968 0.999898807905436
12.792792792792792 0.8083408189843501 0.9993101060765309 0.9998995023330814
12.812812812812812 0.8083467595592229 0.999310816448451 0.9999001911430822
12.832832832832834 0.8083527090336448 0.9993115227671165 0.9999008743957496
12.852852852852854 0.8083586674204598 0.9993122250793255 0.9999015521505324
12.872872872872874 0.8083646347325172 0.9993129234314182 0.9999022244660342
12.892892892892894 0.808370610982672 0.9993136178692807 0.9999028914000223
12.912912912912914 0.8083765961837872 0.9993143084383497 0.9999035530094462
12.932932932932934 0.8083825903487303 0.9993149951836147 0.9999042093504527
12.952952952952954 0.8083885934903747 0.9993156781496221 0.9999048604783924
12.972972972972974 0.8083946056215999 0.9993163573804776 0.9999055064478412
12.992992992992994 0.8084006267552905 0.999317032919852 0.999906147312609
13.013013013013014 0.8084066569043359 0.9993177048109833 0.9999067831257532
13.033033033033034 0.8084126960816311 0.999318373096681 0.9999074139395923
13.053053053053054 0.8084187443000751 0.9993190378193264 0.9999080398057156
13.073073073073074 0.8084248015725726 0.9993196990208807 0.9999086607750004
13.093093093093094 0.8084308679120323 0.9993203567428863 0.9999092768976184
13.113113113113114 0.8084369433313674 0.9993210110264696 0.9999098882230508
13.133133133133134 0.8084430278434944 0.9993216619123446 0.9999104948001004
13.153153153153154 0.8084491214613356 0.9993223094408167 0.9999110966768987
13.173173173173174 0.8084552241978162 0.9993229536517869 0.9999116939009218
13.193193193193194 0.8084613360658639 0.9993235945847542 0.9999122865189993
13.213213213213214 0.8084674570784127 0.9993242322788176 0.9999128745773237
13.233233233233234 0.808473587248397 0.9993248667726811 0.9999134581214643
13.253253253253254 0.8084797265887572 0.9993254981046582 0.9999140371963736
13.273273273273274 0.8084858751124352 0.9993261263126724 0.9999146118464005
13.293293293293294 0.8084920328323763 0.999326751434261 0.9999151821152988
13.313313313313314 0.8084981997615293 0.9993273735065793 0.9999157480462367
13.333333333333334 0.8085043759128445 0.9993279925664047 0.9999163096818076
13.353353353353354 0.8085105612992773 0.9993286086501368 0.9999168670640391
13.373373373373374 0.8085167559337821 0.999329221793804 0.9999174202344014
13.393393393393394 0.8085229598293181 0.9993298320330647 0.9999179692338166
13.413413413413414 0.808529172998847 0.9993304394032093 0.9999185141026715
13.433433433433434 0.8085353954553313 0.9993310439391663 0.9999190548808172
13.453453453453454 0.8085416272117362 0.9993316456755034 0.9999195916075886
13.473473473473474 0.8085478682810285 0.9993322446464306 0.9999201243218043
13.493493493493494 0.8085541186761773 0.9993328408858041 0.9999206530617809
13.513513513513514 0.8085603784101532 0.99933343442713 0.9999211778653372
13.533533533533534 0.8085666474959289 0.9993340253035642 0.9999216987698031
13.553553553553554 0.8085729259464769 0.999334613547918 0.9999222158120296
13.573573573573574 0.8085792137747738 0.9993351991926617 0.9999227290283935
13.593593593593594 0.8085855109937949 0.9993357822699248 0.9999232384548067
13.613613613613614 0.8085918176165179 0.9993363628115022 0.9999237441267229
13.633633633633634 0.8085981336559218 0.9993369408488537 0.9999242460791472
13.653653653653654 0.8086044591249866 0.9993375164131092 0.9999247443466398
13.673673673673674 0.8086107940366913 0.9993380895350715 0.999925238963324
13.693693693693694 0.8086171384040186 0.9993386602452182 0.9999257299628954
13.713713713713714 0.808623492239951 0.9993392285737048 0.9999262173786277
13.733733733733734 0.8086298555574695 0.9993397945503683 0.9999267012433755
13.753753753753754 0.808636228369558 0.9993403582047292 0.999927181589588
13.773773773773774 0.808642610689201 0.9993409195659938 0.9999276584493098
13.793793793793794 0.8086490025293815 0.9993414786630593 0.9999281318541882
13.813813813813814 0.8086554039030838 0.9993420355245132 0.9999286018354837
13.833833833833834 0.8086618148232924 0.9993425901786391 0.999929068424068
13.853853853853854 0.8086682353029918 0.9993431426534167 0.999929531650439
13.873873873873874 0.8086746653551666 0.9993436929765276 0.9999299915447201
13.893893893893894 0.8086811049928012 0.9993442411753553 0.9999304481366691
13.913913913913914 0.8086875542288794 0.9993447872769885 0.9999309014556829
13.933933933933934 0.808694013076386 0.9993453313082246 0.999931351530803
13.953953953953954 0.8087004815483039 0.9993458732955716 0.9999317983907224
13.973973973973974 0.8087069596576166 0.9993464132652504 0.9999322420637899
13.993993993993994 0.8087134474173071 0.9993469512431992 0.9999326825780132
14.014014014014014 0.8087199448403573 0.9993474872550733 0.9999331199610689
14.034034034034034 0.8087264519397491 0.99934802132625 0.999933554240305
14.054054054054054 0.8087329687284636 0.9993485534818297 0.9999339854427444
14.074074074074074 0.8087394952194801 0.9993490837466387 0.9999344135950924
14.094094094094094 0.8087460314257787 0.9993496121452335 0.9999348387237409
14.114114114114114 0.808752577360337 0.9993501387018991 0.9999352608547716
14.134134134134134 0.8087591330361321 0.999350663440657 0.9999356800139643
14.154154154154154 0.8087656984661407 0.9993511863852614 0.9999360962267964
14.174174174174174 0.808772273663338 0.9993517075592085 0.9999365095184531
14.194194194194194 0.8087788586406969 0.9993522269857318 0.9999369199138263
14.214214214214214 0.8087854534111909 0.9993527446878105 0.9999373274375231
14.234234234234235 0.8087920579877904 0.9993532606881685 0.9999377321138689
14.254254254254255 0.8087986723834658 0.9993537750092781 0.9999381339669099
14.274274274274275 0.8088052966111842 0.9993542876733601 0.9999385330204202
14.294294294294295 0.8088119306839125 0.9993547987023906 0.9999389292979042
14.314314314314315 0.8088185746146163 0.9993553081180993 0.9999393228225999
14.334334334334335 0.8088252284162574 0.9993558159419724 0.9999397136174843
14.354354354354355 0.8088318921017984 0.9993563221952565 0.9999401017052763
14.374374374374375 0.8088385656841983 0.9993568268989595 0.9999404871084419
14.394394394394395 0.808845249176415 0.9993573300738529 0.9999408698491955
14.414414414414415 0.8088519425914031 0.9993578317404745 0.9999412499495056
14.434434434434435 0.8088586459421171 0.9993583319191315 0.9999416274310992
14.454454454454455 0.8088653592415084 0.9993588306299002 0.9999420023154612
14.474474474474475 0.8088720825025251 0.9993593278926305 0.9999423746238437
14.494494494494495 0.8088788157381139 0.9993598237269463 0.9999427443772639
14.514514514514515 0.8088855589612212 0.9993603181522488 0.999943111596511
14.534534534534535 0.8088923121847873 0.9993608111877189 0.9999434763021483
14.554554554554555 0.808899075421752 0.9993613028523181 0.9999438385145168
14.574574574574575 0.8089058486850527 0.9993617931647901 0.9999441982537376
14.594594594594595 0.8089126319876239 0.9993622821436667 0.999944555539717
14.614614614614615 0.8089194253423969 0.999362769807264 0.9999449103921465
14.634634634634635 0.8089262287623016 0.9993632561736902 0.9999452628305094
14.654654654654655 0.8089330422602624 0.9993637412608417 0.9999456128740802
14.674674674674675 0.8089398658492041 0.9993642250864124 0.9999459605419304
14.694694694694695 0.8089466995420467 0.9993647076678885 0.9999463058529304
14.714714714714715 0.8089535433517067 0.9993651890225541 0.9999466488257511
14.734734734734735 0.8089603972910986 0.9993656691674928 0.9999469894788698
14.754754754754755 0.8089672613731346 0.9993661481195913 0.9999473278305688
14.774774774774775 0.8089741356107205 0.9993666258955363 0.9999476638989421
14.794794794794795 0.8089810200167622 0.9993671025118223 0.9999479977018942
14.814814814814815 0.80898791460416 0.999367577984749 0.9999483292571467
14.834834834834835 0.8089948193858113 0.9993680523304257 0.9999486585822386
14.854854854854855 0.8090017343746113 0.9993685255647728 0.9999489856945282
14.874874874874875 0.8090086595834501 0.9993689977035235 0.9999493106111966
14.894894894894895 0.8090155950252143 0.9993694687622238 0.9999496333492509
14.914914914914915 0.8090225407127869 0.9993699387562367 0.9999499539255257
14.934934934934935 0.8090294966590481 0.9993704077007444 0.9999502723566842
14.954954954954955 0.8090364628768728 0.9993708756107476 0.9999505886592229
14.974974974974975 0.8090434393791326 0.9993713425010687 0.9999509028494725
14.994994994994995 0.8090504261786958 0.9993718083863548 0.9999512149436011
15.015015015015015 0.809057423288425 0.9993722732810757 0.9999515249576147
15.035035035035035 0.8090644307211801 0.9993727371995291 0.9999518329073609
15.055055055055055 0.8090714484898166 0.9993732001558426 0.999952138808531
15.075075075075075 0.8090784766071849 0.9993736621639729 0.9999524426766606
15.095095095095095 0.8090855150861315 0.9993741232377076 0.9999527445271333
15.115115115115115 0.8090925639394989 0.9993745833906698 0.9999530443751836
15.135135135135135 0.8090996231801244 0.9993750426363163 0.999953342235894
15.155155155155155 0.8091066928208409 0.9993755009879408 0.999953638124204
15.175175175175175 0.8091137728744777 0.999375958458678 0.9999539320549063
15.195195195195195 0.8091208633538566 0.9993764150614993 0.9999542240426511
15.215215215215215 0.8091279642717992 0.9993768708092198 0.9999545141019485
15.235235235235235 0.8091350756411168 0.9993773257144978 0.9999548022471694
15.255255255255255 0.8091421974746198 0.9993777797898356 0.9999550884925466
15.275275275275275 0.8091493297851124 0.9993782330475834 0.9999553728521785
15.295295295295295 0.8091564725853929 0.9993786854999375 0.999955655340029
15.315315315315315 0.8091636258882551 0.9993791371589454 0.9999559359699306
15.335335335335335 0.8091707897064881 0.9993795880365054 0.9999562147555846
15.355355355355355 0.8091779640528745 0.9993800381443683 0.999956491710566
15.375375375375375 0.8091851489401924 0.9993804874941368 0.9999567668483202
15.395395395395395 0.8091923443812135 0.999380936097273 0.9999570401821688
15.415415415415415 0.8091995503887055 0.9993813839650929 0.9999573117253083
15.435435435435435 0.809206766975429 0.9993818311087723 0.9999575814908143
15.455455455455455 0.8092139941541384 0.999382277539348 0.999957849491642
15.475475475475475 0.809221231937585 0.9993827232677154 0.9999581157406258
15.495495495495495 0.809228480338511 0.9993831683046346 0.9999583802504836
15.515515515515515 0.8092357393696553 0.9993836126607293 0.9999586430338178
15.535535535535535 0.8092430090437491 0.9993840563464893 0.9999589041031146
15.555555555555555 0.8092502893735174 0.9993844993722704 0.9999591634707474
15.575575575575575 0.8092575803716802 0.9993849417482978 0.9999594211489784
15.595595595595595 0.8092648820509505 0.999385383484666 0.9999596771499588
15.615615615615615 0.8092721944240345 0.999385824591339 0.99995993148573
15.635635635635635 0.8092795175036325 0.9993862650781556 0.9999601841682266
15.655655655655655 0.8092868513024393 0.9993867049548272 0.9999604352092757
15.675675675675675 0.8092941958331401 0.9993871442309398 0.9999606846206005
15.695695695695695 0.8093015511084167 0.9993875829159562 0.9999609324138183
15.715715715715715 0.8093089171409419 0.9993880210192166 0.9999611786004463
15.735735735735735 0.8093162939433826 0.999388458549941 0.9999614231918976
15.755755755755755 0.8093236815283992 0.9993888955172262 0.9999616661994876
15.775775775775776 0.809331079908643 0.9993893319300545 0.9999619076344295
15.795795795795796 0.8093384890967593 0.9993897677972892 0.9999621475078421
15.815815815815816 0.809345909105388 0.9993902031276762 0.9999623858307449
15.835835835835836 0.809353339947159 0.9993906379298482 0.999962622614063
15.855855855855856 0.809360781634696 0.9993910722123234 0.9999628578686274
15.875875875875876 0.8093682341806145 0.9993915059835068 0.9999630916051744
15.895895895895896 0.8093756975975234 0.9993919392516936 0.9999633238343493
15.915915915915916 0.8093831718980236 0.9993923720250683 0.999963554566706
15.935935935935936 0.8093906570947069 0.999392804311705 0.9999637838127082
15.955955955955956 0.8093981532001592 0.9993932361195714 0.999964011582729
15.975975975975976 0.8094056602269577 0.9993936674565282 0.9999642378870569
15.995995995995996 0.8094131781876711 0.9993940983303301 0.9999644627358906
16.016016016016017 0.8094207070948601 0.9993945287486283 0.9999646861393438
16.036036036036037 0.8094282469610775 0.9993949587189689 0.9999649081074441
16.056056056056057 0.8094357977988678 0.9993953882487975 0.9999651286501369
16.076076076076077 0.8094433596207661 0.9993958173454573 0.9999653477772829
16.096096096096097 0.8094509324392998 0.999396246016192 0.9999655654986617
16.116116116116117 0.809458516266988 0.999396674268147 0.9999657818239699
16.136136136136138 0.8094661111163406 0.9993971021083677 0.9999659967628262
16.156156156156158 0.8094737169998579 0.9993975295438059 0.9999662103247675
16.176176176176178 0.8094813339300321 0.999397956581313 0.9999664225192544
16.196196196196198 0.8094889619193463 0.9993983832276498 0.9999666333556679
16.216216216216218 0.8094966009802748 0.9993988094894809 0.9999668428433125
16.236236236236238 0.8095042511252823 0.9993992353733792 0.9999670509914185
16.256256256256258 0.8095119123668237 0.9993996608858252 0.9999672578091374
16.276276276276278 0.8095195847173448 0.9994000860332085 0.99996746330555
16.296296296296298 0.8095272681892824 0.9994005108218301 0.9999676674896625
16.316316316316318 0.8095349627950624 0.9994009352579003 0.9999678703704074
16.336336336336338 0.8095426685471021 0.9994013593475427 0.9999680719566452
16.356356356356358 0.8095503854578087 0.9994017830967953 0.9999682722571669
16.376376376376378 0.8095581135395792 0.9994022065116062 0.9999684712806916
16.396396396396398 0.8095658528047998 0.9994026295978423 0.9999686690358699
16.416416416416418 0.809573603265848 0.9994030523612856 0.9999688655312815
16.436436436436438 0.8095813649350898 0.9994034748076334 0.9999690607754401
16.456456456456458 0.809589137824882 0.9994038969425018 0.999969254776791
16.476476476476478 0.8095969219475694 0.9994043187714263 0.9999694475437129
16.496496496496498 0.8096047173154871 0.99940474029986 0.999969639084518
16.516516516516518 0.8096125239409593 0.9994051615331788 0.9999698294074536
16.536536536536538 0.8096203418362994 0.9994055824766775 0.9999700185207018
16.556556556556558 0.8096281710138092 0.9994060031355747 0.9999702064323815
16.576576576576578 0.809636011485781 0.9994064235150124 0.9999703931505485
16.596596596596598 0.8096438632644934 0.9994068436200538 0.9999705786831945
16.616616616616618 0.8096517263622165 0.9994072634556906 0.9999707630382497
16.636636636636638 0.8096596007912071 0.9994076830268372 0.9999709462235836
16.656656656656658 0.8096674865637116 0.9994081023383349 0.9999711282470045
16.676676676676678 0.8096753836919625 0.9994085213949546 0.9999713091162604
16.696696696696698 0.8096832921881834 0.999408940201392 0.9999714888390393
16.716716716716718 0.8096912120645849 0.999409358762273 0.9999716674229717
16.736736736736738 0.8096991433333655 0.9994097770821534 0.9999718448756276
16.756756756756758 0.8097070860067108 0.9994101951655197 0.9999720212045212
16.776776776776778 0.8097150400967952 0.9994106130167887 0.9999721964171087
16.796796796796798 0.8097230056157805 0.9994110306403096 0.9999723705207889
16.816816816816818 0.8097309825758159 0.9994114480403641 0.999972543522906
16.836836836836838 0.8097389709890382 0.9994118652211677 0.9999727154307478
16.856856856856858 0.8097469708675711 0.9994122821868707 0.9999728862515477
16.876876876876878 0.8097549822235246 0.9994126989415578 0.9999730559924832
16.896896896896898 0.809763005068998 0.9994131154892488 0.9999732246606795
16.916916916916918 0.8097710394160761 0.9994135318339017 0.9999733922632084
16.936936936936938 0.80977908527683 0.9994139479794103 0.9999735588070878
16.956956956956958 0.8097871426633187 0.9994143639296066 0.9999737242992836
16.976976976976978 0.8097952115875852 0.9994147796882612 0.9999738887467104
16.996996996996998 0.8098032920616632 0.9994151952590844 0.9999740521562305
17.017017017017018 0.8098113840975678 0.9994156106457261 0.999974214534657
17.037037037037038 0.8098194877073036 0.9994160258517789 0.99997437588875
17.057057057057058 0.8098276029028604 0.9994164408807716 0.9999745362252226
17.077077077077078 0.8098357296962123 0.9994168557361817 0.9999746955507367
17.097097097097098 0.8098438680993217 0.9994172704214234 0.999974853871905
17.117117117117118 0.8098520181241343 0.9994176849398607 0.9999750111952932
17.137137137137138 0.8098601797825833 0.9994180992947951 0.9999751675274179
17.157157157157158 0.8098683530865847 0.9994185134894766 0.9999753228747474
17.177177177177178 0.8098765380480422 0.9994189275270997 0.9999754772437058
17.197197197197198 0.8098847346788426 0.9994193414108058 0.999975630640667
17.217217217217218 0.8098929429908589 0.9994197551436809 0.9999757830719602
17.237237237237238 0.8099011629959492 0.99942016872876 0.9999759345438687
17.25725725725726 0.8099093947059545 0.9994205821690246 0.9999760850626302
17.27727727727728 0.8099176381327009 0.999420995467407 0.9999762346344384
17.2972972972973 0.8099258932879997 0.9994214086267849 0.9999763832654401
17.31731731731732 0.8099341601836464 0.9994218216499886 0.9999765309617399
17.33733733733734 0.8099424388314195 0.9994222345397988 0.9999766777293981
17.35735735735736 0.8099507292430828 0.999422647298944 0.9999768235744314
17.37737737737738 0.8099590314303817 0.9994230599301074 0.9999769685028127
17.3973973973974 0.8099673454050486 0.9994234724359228 0.999977112520474
17.41741741741742 0.8099756711787961 0.9994238848189758 0.9999772556333039
17.43743743743744 0.8099840087633213 0.9994242970818067 0.999977397847149
17.45745745745746 0.809992358170306 0.9994247092269087 0.9999775391678153
17.47747747747748 0.8100007194114125 0.9994251212567294 0.9999776796010664
17.4974974974975 0.8100090924982886 0.9994255331736711 0.9999778191526268
17.51751751751752 0.8100174774425625 0.9994259449800912 0.9999779578281787
17.53753753753754 0.8100258742558465 0.9994263566783028 0.9999780956333648
17.55755755755756 0.8100342829497352 0.9994267682705766 0.9999782325737895
17.57757757757758 0.8100427035358048 0.9994271797591384 0.9999783686550161
17.5975975975976 0.8100511360256148 0.9994275911461729 0.9999785038825699
17.61761761761762 0.8100595804307055 0.999428002433823 0.9999786382619368
17.63763763763764 0.8100680367625995 0.9994284136241874 0.9999787717985644
17.65765765765766 0.8100765050328015 0.9994288247193268 0.9999789044978634
17.67767767767768 0.810084985252798 0.9994292357212601 0.9999790363652048
17.6976976976977 0.810093477434056 0.9994296466319659 0.9999791674059242
17.71771771771772 0.8101019815880232 0.9994300574533846 0.9999792976253187
17.73773773773774 0.8101104977261306 0.9994304681874139 0.9999794270286497
17.75775775775776 0.8101190258597891 0.9994308788359184 0.9999795556211413
17.77777777777778 0.8101275660003883 0.9994312894007203 0.9999796834079823
17.7977977977978 0.8101361181593016 0.9994316998836049 0.9999798103943247
17.81781781781782 0.8101446823478812 0.9994321102863217 0.9999799365852853
17.83783783783784 0.8101532585774598 0.9994325206105816 0.9999800619859469
17.85785785785786 0.8101618468593501 0.9994329308580616 0.9999801866013553
17.87787787787788 0.8101704472048452 0.9994333410303994 0.9999803104365232
17.8978978978979 0.8101790596252173 0.9994337511292016 0.9999804334964284
17.91791791791792 0.8101876841317192 0.9994341611560359 0.9999805557860139
17.93793793793794 0.8101963207355821 0.9994345711124376 0.9999806773101902
17.95795795795796 0.8102049694480177 0.9994349809999078 0.9999807980738342
17.97797797797798 0.8102136302802156 0.9994353908199133 0.9999809180817876
17.997997997998 0.8102223032433448 0.9994358005738873 0.9999810373388622
18.01801801801802 0.8102309883485538 0.9994362102632318 0.9999811558498353
18.03803803803804 0.810239685606969 0.9994366198893145 0.9999812736194503
18.05805805805806 0.8102483950296953 0.9994370294534719 0.9999813906524221
18.07807807807808 0.8102571166278164 0.9994374389570093 0.9999815069534301
18.0980980980981 0.8102658504123927 0.9994378484012005 0.9999816225271242
18.11811811811812 0.8102745963944649 0.9994382577872887 0.9999817373781218
18.13813813813814 0.8102833545850497 0.9994386671164857 0.9999818515110107
18.15815815815816 0.8102921249951419 0.9994390763899738 0.9999819649303453
18.17817817817818 0.8103009076357139 0.9994394856089058 0.9999820776406515
18.1981981981982 0.8103097025177142 0.9994398947744063 0.9999821896464237
18.21821821821822 0.8103185096520704 0.9994403038875683 0.9999823009521266
18.23823823823824 0.810327329049686 0.999440712949459 0.9999824115621946
18.25825825825826 0.8103361607214403 0.999441121961116 0.999982521481033
18.27827827827828 0.8103450046781905 0.9994415309235495 0.9999826307130155
18.2982982982983 0.8103538609307698 0.9994419398377425 0.999982739262491
18.31831831831832 0.8103627294899871 0.9994423487046498 0.9999828471337744
18.33833833833834 0.8103716103666284 0.9994427575252006 0.9999829543311546
18.35835835835836 0.8103805035714541 0.9994431663002967 0.9999830608588919
18.37837837837838 0.8103894091152009 0.9994435750308162 0.9999831667212167
18.3983983983984 0.8103983270085806 0.9994439837176081 0.999983271922333
18.41841841841842 0.8104072572622824 0.9994443923614994 0.9999833764664163
18.43843843843844 0.8104161998869666 0.9994448009632884 0.9999834803576138
18.45845845845846 0.8104251548932714 0.9994452095237532 0.9999835836000456
18.47847847847848 0.8104341222918101 0.9994456180436435 0.9999836861978056
18.4984984984985 0.8104431020931672 0.9994460265236866 0.9999837881549587
18.51851851851852 0.8104520943079055 0.9994464349645865 0.9999838894755436
18.53853853853854 0.8104610989465596 0.9994468433670237 0.999983990163573
18.55855855855856 0.810470116019638 0.9994472517316542 0.999984090223033
18.57857857857858 0.8104791455376241 0.9994476600591119 0.9999841896578834
18.5985985985986 0.8104881875109743 0.9994480683500101 0.9999842884720569
18.61861861861862 0.8104972419501186 0.9994484766049374 0.9999843866694621
18.63863863863864 0.8105063088654593 0.9994488848244616 0.999984484253981
18.65865865865866 0.8105153882673728 0.9994492930091282 0.9999845812294692
18.67867867867868 0.8105244801662083 0.9994497011594625 0.9999846775997585
18.6986986986987 0.8105335845722854 0.9994501092759687 0.9999847733686553
18.71871871871872 0.8105427014959005 0.9994505173591295 0.9999848685399411
18.73873873873874 0.8105518309473175 0.9994509254094065 0.9999849631173717
18.75875875875876 0.8105609729367759 0.9994513334272438 0.9999850571046791
18.77877877877878 0.810570127474484 0.9994517414130631 0.9999851505055717
18.7987987987988 0.810579294570624 0.9994521493672676 0.9999852433237315
18.81881881881882 0.8105884742353486 0.9994525572902406 0.9999853355628202
18.83883883883884 0.8105976664787823 0.999452965182347 0.9999854272264711
18.85885885885886 0.8106068713110192 0.9994533730439329 0.9999855183182979
18.87887887887888 0.8106160887421254 0.9994537808753247 0.999985608841888
18.8988988988989 0.810625318782138 0.9994541886768316 0.9999856988008063
18.91891891891892 0.8106345614410625 0.9994545964487458 0.999985788198596
18.93893893893894 0.8106438167288773 0.9994550041913389 0.9999858770387758
18.95895895895896 0.8106530846555284 0.999455411904867 0.9999859653248414
18.97897897897898 0.8106623652309322 0.999455819589569 0.9999860530602668
18.998998998999 0.8106716584649765 0.999456227245666 0.9999861402485025
19.01901901901902 0.810680964367515 0.9994566348733623 0.9999862268929787
19.03903903903904 0.8106902829483736 0.9994570424728458 0.9999863129971007
19.05905905905906 0.8106996142173456 0.9994574500442888 0.9999863985642536
19.07907907907908 0.8107089581841941 0.9994578575878464 0.9999864835977997
19.0990990990991 0.8107183148586494 0.9994582651036586 0.9999865681010808
19.11911911911912 0.8107276842504103 0.9994586725918512 0.9999866520774169
19.13913913913914 0.8107370663691452 0.9994590800525306 0.9999867355301053
19.15915915915916 0.8107464612244881 0.9994594874857924 0.9999868184624238
19.17917917917918 0.8107558688260421 0.9994598948917137 0.9999869008776274
19.1991991991992 0.8107652891833776 0.9994603022703601 0.9999869827789516
19.21921921921922 0.8107747223060324 0.9994607096217807 0.9999870641696106
19.23923923923924 0.81078416820351 0.99946111694601 0.9999871450527982
19.25925925925926 0.8107936268852822 0.999461524243071 0.9999872254316869
19.27927927927928 0.8108030983607862 0.9994619315129685 0.9999873053094296
19.2992992992993 0.8108125826394262 0.9994623387556982 0.9999873846891599
19.31931931931932 0.8108220797305729 0.9994627459712404 0.9999874635739887
19.33933933933934 0.8108315896435613 0.9994631531595611 0.9999875419670096
19.35935935935936 0.8108411123876942 0.9994635603206142 0.9999876198712951
19.37937937937938 0.8108506479722378 0.999463967454342 0.9999876972898986
19.3993993993994 0.8108601964064248 0.9994643745606725 0.9999877742258534
19.41941941941942 0.8108697576994529 0.9994647816395213 0.9999878506821741
19.43943943943944 0.8108793318604831 0.9994651886907915 0.9999879266618558
19.45945945945946 0.8108889188986429 0.9994655957143767 0.9999880021678746
19.47947947947948 0.8108985188230229 0.9994660027101553 0.9999880772031864
19.4994994994995 0.8109081316426783 0.9994664096779956 0.9999881517707306
19.51951951951952 0.8109177573666276 0.9994668166177553 0.9999882258734262
19.53953953953954 0.8109273960038529 0.9994672235292786 0.999988299514174
19.55955955955956 0.8109370475633003 0.9994676304123988 0.9999883726958563
19.57957957957958 0.8109467120538789 0.9994680372669406 0.9999884454213377
19.5995995995996 0.8109563894844597 0.9994684440927155 0.9999885176934636
19.61961961961962 0.8109660798638787 0.9994688508895259 0.999988589515062
19.63963963963964 0.8109757832009311 0.9994692576571615 0.9999886608889428
19.65965965965966 0.8109854995043774 0.9994696643954045 0.999988731817898
19.67967967967968 0.8109952287829378 0.9994700711040251 0.9999888023047013
19.6996996996997 0.8110049710452953 0.9994704777827844 0.9999888723521109
19.71971971971972 0.8110147263000941 0.9994708844314332 0.9999889419628643
19.73973973973974 0.8110244945559403 0.9994712910497134 0.9999890111396847
19.75975975975976 0.8110342758213999 0.9994716976373567 0.9999890798852762
19.77977977977978 0.8110440701049999 0.9994721041940852 0.9999891482023261
19.7997997997998 0.8110538774152282 0.9994725107196123 0.9999892160935061
19.81981981981982 0.8110636977605332 0.9994729172136426 0.9999892835614691
19.83983983983984 0.8110735311493228 0.9994733236758724 0.9999893506088514
19.85985985985986 0.8110833775899654 0.9994737301059875 0.9999894172382738
19.87987987987988 0.8110932370907872 0.9994741365036662 0.9999894834523407
19.8998998998999 0.8111031096600767 0.9994745428685792 0.9999895492536385
19.91991991991992 0.811112995306078 0.9994749492003874 0.9999896146447385
19.93993993993994 0.811122894036996 0.9994753554987441 0.999989679628195
19.95995995995996 0.8111328058609945 0.9994757617632951 0.9999897442065471
19.97997997997998 0.8111427307861944 0.9994761679936787 0.9999898083823169
20.0 0.8111526688206747 0.999476574189523 0.9999898721580119
