0.0 -0.40671649138249344 -0.5300850346068544 0.054429815948880994
0.20161290322580644 -0.4813416737365271 -0.6210253952205986 -0.18186694954143595
0.4032258064516129 -0.5188708950033905 -0.677239941029667 -0.3595091934384324
0.6048387096774193 -0.5383232167562573 -0.713980341549356 -0.47972073007177457
0.8064516129032258 -0.5516320818689239 -0.7391159476907343 -0.559225237373348
1.0080645161290323 -0.5622400866953771 -0.7570276555090247 -0.6136947919907239
1.2096774193548385 -0.571338236515231 -0.7703567926592844 -0.6519167383666095
1.411290322580645 -0.5794167083381068 -0.7807516574315989 -0.679510159075176
1.6129032258064515 -0.5867051354994807 -0.7892416305729292 -0.7003589825843834
1.814516129032258 -0.5933266384848297 -0.7964647532806054 -0.716942482441
2.0161290322580645 -0.5993588670902393 -0.802815364673679 -0.7308094343175661
2.217741935483871 -0.6048597196822945 -0.8085385447168629 -0.7429712033204402
2.419354838709677 -0.6098783159105595 -0.8137889205190134 -0.7541417899952837
2.6209677419354835 -0.6144594855262496 -0.8186665495774333 -0.7648590688607342
2.82258064516129 -0.6186453507363441 -0.8232385273174715 -0.775521931518018
3.0241935483870965 -0.6224756236665147 -0.8275518591586936 -0.7863644027638199
3.225806451612903 -0.62598736847872 -0.8316410303145946 -0.7973914568117998
3.4274193548387095 -0.6292145693455189 -0.8355323779543333 -0.8083731981687722
3.629032258064516 -0.632187648765543 -0.8392465595880167 -0.819000567965451
3.8306451612903225 -0.6349329891973406 -0.8427999173690685 -0.8290508796187952
4.032258064516129 -0.6374724813727045 -0.846205232109169 -0.8384093088480485
4.233870967741935 -0.639823141621523 -0.8494721697730516 -0.8470238671944689
4.435483870967742 -0.6419969068036236 -0.8526076054663532 -0.8548732329957625
4.637096774193548 -0.6440008176153678 -0.8556159386124995 -0.8619566218075084
4.838709677419354 -0.6458378813898594 -0.8584994677591252 -0.868293728441822
5.040322580645161 -0.6475088319262438 -0.8612588586774005 -0.8739249114065649
5.241935483870967 -0.6490146371305995 -0.8638937058079731 -0.8789078190533531
5.443548387096774 -0.6503590298674607 -0.8664031532046114 -0.8833110334422891
5.64516129032258 -0.6515500236480338 -0.8687865127013636 -0.8872069191756642
5.846774193548387 -0.6525997921519807 -0.8710438032068547 -0.8906655395435747
6.048387096774193 -0.6535232107967262 -0.8731761422738509 -0.8937505228535721
6.25 -0.6543359721160975 -0.8751859482817734 -0.8965169379757189
6.451612903225806 -0.6550530754589697 -0.877076949443431 -0.8990107995047181
6.653225806451612 -0.6556879884846949 -0.8788540313410145 -0.9012696915818597
6.854838709677419 -0.6562523774358315 -0.8805229772286306 -0.9033240310770236
7.056451612903225 -0.6567561710356482 -0.8820901609850041 -0.9051985787310572
7.258064516129032 -0.6572077628862967 -0.8835622441396797 -0.9069139001203508
7.459677419354838 -0.6576142410410007 -0.8849459122648039 -0.9084875689958263
7.661290322580645 -0.6579815978417678 -0.886247668716666 -0.909935003786164
7.862903225806451 -0.6583149077271268 -0.8874736895500133 -0.9112699339580211
8.064516129032258 -0.6586184746842333 -0.8886297341157947 -0.9125045835284148
8.266129032258064 -0.6588959546619166 -0.8897211011571411 -0.9136497036743519
8.46774193548387 -0.6591504579911681 -0.8907526189628784 -0.9147145750250395
8.669354838709676 -0.6593846356651729 -0.8917286589763448 -0.9157070527600678
8.870967741935484 -0.6596007522680064 -0.8926531640855238 -0.9166336761900657
9.07258064516129 -0.6598007476229528 -0.8935296848994851 -0.9174998306307084
9.274193548387096 -0.6599862887939906 -0.894361419234693 -0.9183099367875663
9.475806451612902 -0.6601588138079584 -0.8951512516159417 -0.9190676443618897
9.677419354838708 -0.6603195682868661 -0.8959017908049653 -0.9197760135226473
9.879032258064516 -0.6604696360411906 -0.8966154042411568 -0.9204376748682993
10.080645161290322 -0.6606099645525867 -0.8972942488766681 -0.9210549635774181
10.282258064516128 -0.6607413861598378 -0.8979402982787837 -0.9216300266322167
10.483870967741934 -0.6608646356535706 -0.8985553661138016 -0.9221649039230683
10.685483870967742 -0.6609803648844342 -0.8991411262650195 -0.9226615852705541
10.887096774193548 -0.6610891548976042 -0.8996991299072662 -0.9231220462483645
11.088709677419354 -0.6611915260245761 -0.9002308198865535 -0.9235482662634386
11.29032258064516 -0.6612879462916655 -0.9007375427528724 -0.923942232654688
11.491935483870966 -0.6613788384430729 -0.9012205587783598 -0.9243059345969751
11.693548387096774 -0.6614645858241722 -0.9016810502694003 -0.924641350358083
11.89516129032258 -0.6615455373268608 -0.9021201284542716 -0.9249504310055289
12.096774193548386 -0.6616220115623739 -0.902538839200405 -0.9252350830746264
12.298387096774192 -0.66169430039686 -0.9029381677886473 -0.9254971520728451
12.5 -0.6617626719602734 -0.9033190429466743 -0.9257384080815134
12.701612903225806 -0.6618273732189116 -0.9036823403200276 -0.9259605341768137
12.903225806451612 -0.6618886321854018 -0.9040288855368687 -0.926165117957063
13.104838709677418 -0.6619466598265046 -0.9043594570010568 -0.9263536461410207
13.306451612903224 -0.6620016517181674 -0.9046747885271028 -0.9265275019855654
13.508064516129032 -0.6620537894883824 -0.9049755719094408 -0.9266879651447221
13.709677419354838 -0.6621032420811842 -0.9052624594970355 -0.9268362135359169
13.911290322580644 -0.6621501668692512 -0.9055360668224475 -0.9269733267738131
14.11290322580645 -0.6621947106378119 -0.9057969753122833 -0.9271002907597453
14.314516129032258 -0.6622370104586554 -0.9060457350839836 -0.9272180030616007
14.516129032258064 -0.6622771944698793 -0.906282867812883 -0.9273272787745641
14.71774193548387 -0.6623153825744116 -0.9065088696345351 -0.9274288566102058
14.919354838709676 -0.6623516870682177 -0.9067242140315919 -0.9275234050153749
15.120967741935482 -0.662386213207357 -0.90692935464329 -0.9276115281706414
15.32258064516129 -0.6624190597216201 -0.9071247279297344 -0.9276937717594957
15.524193548387096 -0.6624503192812805 -0.9073107556233025 -0.9277706284339149
15.725806451612902 -0.6624800789225322 -0.9074878469055659 -0.9278425429296232
15.927419354838708 -0.6625084204363472 -0.9076564002595479 -0.9279099168061077
16.129032258064516 -0.6625354207248215 -0.9078168049627281 -0.9279731128030001
16.33064516129032 -0.6625611521285093 -0.9079694422043064 -0.9280324588166692
16.532258064516128 -0.6625856827277634 -0.9081146858290973 -0.9280882515095584
16.733870967741936 -0.6626090766207067 -0.9082529027282006 -0.9281407595707044
16.93548387096774 -0.6626313941801184 -0.9083844529118228 -0.9281902266495511
17.137096774193548 -0.6626526922912331 -0.908509689311232 -0.9282368739871947
17.338709677419352 -0.66267302457221 -0.9086289573642615 -0.9282809027699609
17.54032258064516 -0.6626924415788191 -0.9087425944420192 -0.9283224962300752
17.741935483870968 -0.6627109909947173 -0.9088509291738365 -0.9283618215174017
17.943548387096772 -0.6627287178085352 -0.9089542807237677 -0.9283990313650387
18.14516129032258 -0.6627456644788561 -0.9090529580658382 -0.9284342655700811
18.346774193548384 -0.6627618710880712 -0.9091472592977123 -0.9284676523092621
18.548387096774192 -0.6627773754859767 -0.9092374710241958 -0.9284993093075166
18.75 -0.6627922134239077 -0.9093238678337399 -0.9285293448758762
18.951612903225804 -0.6628064186801237 -0.909406711883309 -0.928557858833483
19.153225806451612 -0.6628200231770868 -0.9094862526000086 -0.9285849433270288
19.354838709677416 -0.6628330570912301 -0.9095627265018874 -0.9286106835594834
19.556451612903224 -0.6628455489557468 -0.9096363571354762 -0.9286351584386932
19.758064516129032 -0.6628575257568946 -0.909707355123822 -0.9286584411552394
19.959677419354836 -0.6628690130242672 -0.9097759183160198 -0.9286805996978549
20.161290322580644 -0.6628800349154402 -0.9098422320273875 -0.9287016973137421
20.362903225806452 -0.6628906142953829 -0.9099064693583424 -0.9287217929202661
20.564516129032256 -0.6629007728109741 -0.9099687915796382 -0.9287409414737045
20.766129032258064 -0.6629105309609575 -0.9100293485716714 -0.9287591943000774
20.96774193548387 -0.6629199081616286 -0.9100882793060866 -0.9287765993924475
21.169354838709676 -0.6629289228085358 -0.9101457123586412 -0.9287932016785609
21.370967741935484 -0.6629375923344529 -0.9102017664432643 -0.9288090432622175
21.57258064516129 -0.6629459332638568 -0.9102565509583085 -0.928824163641347
21.774193548387096 -0.6629539612641423 -0.9103101665370944 -0.928838599905414
21.9758064516129 -0.6629616911937725 -0.910362705595979 -0.9288523869144304
22.177419354838708 -0.6629691371475633 -0.9104142528742467 -0.9288655574616123
22.379032258064516 -0.6629763124992776 -0.9104648859611328 -0.92887814242143
22.58064516129032 -0.6629832299417018 -0.9105146758062332 -0.9288901708846322
22.782258064516128 -0.6629899015243553 -0.9105636872103889 -0.928901670281603
22.983870967741932 -0.6629963386889859 -0.9106119792948835 -0.928912666495261
23.18548387096774 -0.6630025523029804 -0.9106596059474503 -0.9289231839645774
23.387096774193548 -0.6630085526908243 -0.9107066162441453 -0.9289332457796453
23.588709677419352 -0.6630143496637281 -0.9107530548466163 -0.9289428737691413
23.79032258064516 -0.663019952547531 -0.9107989623747048 -0.9289520885809114
23.991935483870968 -0.6630253702089881 -0.9108443757546261 -0.9289609097563447
24.193548387096772 -0.6630306110805384 -0.9108893285432518 -0.9289693557991101
24.39516129032258 -0.663035683183647 -0.9109338512292104 -0.9289774442387773
24.596774193548384 -0.6630405941508039 -0.9109779715116769 -0.9289851916897843
24.798387096774192 -0.6630453512462664 -0.9110217145578484 -0.9289926139061657
25.0 -0.6630499613856137 -0.9110651032401557 -0.9289997258324041
