0.0 -0.1459544210484799 -0.19269969689070557 0.045657708110207036
0.02002002002002002 -0.15125318303111962 -0.20907305764993858 0.02731766286383068
0.04004004004004004 -0.15659468968924417 -0.22543798880100252 0.009701837923153617
0.06006006006006006 -0.16198803745071194 -0.2416984591505471 -0.007223416538201527
0.08008008008008008 -0.1674401034987428 -0.2577606788727091 -0.023516731440973285
0.10010010010010009 -0.1729557242151185 -0.27353830948891533 -0.039245516257342114
0.12012012012012012 -0.17853787582417763 -0.2889558830145426 -0.05446909949963378
0.14014014014014015 -0.18418783791496943 -0.30395022552902046 -0.0692171440880591
0.16016016016016016 -0.1899053288675294 -0.31847037197327505 -0.08347272222369569
0.18018018018018017 -0.19568860866750698 -0.33247684881844236 -0.09718998779636646
0.20020020020020018 -0.20153454913986002 -0.3441508465541402 -0.1103435548275251
0.22022022022022023 -0.20743867462811938 -0.3573853820845596 -0.1229547778902185
0.24024024024024024 -0.2133951780492263 -0.3701267767511466 -0.13507784607301418
0.2602602602602603 -0.21939691847447443 -0.3822765005106956 -0.14677686269058055
0.2802802802802803 -0.22543540723060088 -0.3938498343648476 -0.15811279957274282
0.3003003003003003 -0.2315007901780277 -0.40486510918250324 -0.16913917739691972
0.3203203203203203 -0.2375818344060368 -0.4153425241463332 -0.17990149608752554
0.34034034034034033 -0.24366592810945412 -0.42530343412749183 -0.1904376240109891
0.36036036036036034 -0.24973910283890027 -0.43476964343305924 -0.20077819309721318
0.38038038038038036 -0.25578608756055016 -0.4437629053310902 -0.2109468539933663
0.40040040040040037 -0.2617904039020617 -0.45230462319104997 -0.22096049931855957
0.42042042042042044 -0.26773451145977806 -0.4604156911270588 -0.2308295946860799
0.44044044044044045 -0.27360001095395714 -0.4681164159209684 -0.24055871028612433
0.46046046046046046 -0.2793679112062131 -0.4754264808049427 -0.2501472795100251
0.4804804804804805 -0.2850189632539741 -0.4823649285701848 -0.2595905523413625
0.5005005005005005 -0.29053406130251663 -0.48895015273964626 -0.26888067256679776
0.5205205205205206 -0.2958947055453892 -0.49519989198014264 -0.27800779240153206
0.5405405405405406 -0.3010835160625903 -0.5011312261832984 -0.2869611424163644
0.5605605605605606 -0.30608477997050265 -0.5067605740739979 -0.29572999167090547
0.5805805805805806 -0.31088500582524964 -0.5121036926911359 -0.3043044550518149
0.6006006006006006 -0.31547345041197156 -0.517175679134257 -0.3126761258481172
0.6206206206206206 -0.3198425746249923 -0.5219909748474989 -0.3208385279936528
0.6406406406406406 -0.3239883793115268 -0.5265633725481412 -0.3287873932330616
0.6606606606606606 -0.3279105718778914 -0.5309060257572064 -0.33652077479464454
0.6806806806806807 -0.3316125235877054 -0.5350314607734198 -0.344039013048741
0.7007007007007007 -0.3351009979064786 -0.538951590852144 -0.3513445720802914
0.7207207207207207 -0.33838566062970044 -0.5426777323032931 -0.3584417701843081
0.7407407407407407 -0.3414784169063703 -0.5462206222001936 -0.3653364318322203
0.7607607607607607 -0.3443926491709953 -0.5495904373884373 -0.37203549248442325
0.7807807807807807 -0.3471424441677952 -0.5527968144942855 -0.37854658924854234
0.8008008008008007 -0.34974189211844375 -0.5558488706516281 -0.38487766876160157
0.8208208208208209 -0.3522045191057277 -0.5587552246912784 -0.3910366387039711
0.8408408408408409 -0.35454288299297076 -0.5615240185639729 -0.3970310818843247
0.8608608608608609 -0.3567683332547876 -0.5641629387968454 -0.4028680432862675
0.8808808808808809 -0.3588909130017557 -0.5666792378111262 -0.40855389229176003
0.9009009009009009 -0.36091936989954587 -0.5690797549554474 -0.4140942555639579
0.9209209209209209 -0.36286124047488494 -0.5713709371338692 -0.41949401130110003
0.9409409409409409 -0.36472297636646367 -0.5735588589303141 -0.42475733279053185
0.960960960960961 -0.36651008811246816 -0.5756492421513237 -0.42988776811439716
0.980980980980981 -0.3682272895649875 -0.5776474747269568 -0.4348883430817447
1.001001001001001 -0.3698786325449144 -0.5795586289253083 -0.4397616755921993
1.021021021021021 -0.37146762633713487 -0.5813874788496792 -0.4445100913489419
1.0410410410410411 -0.3729973400664302 -0.583138517198984 -0.44913573288127184
1.0610610610610611 -0.37447048814712375 -0.5848159712818274 -0.4536406560098501
1.0810810810810811 -0.3758895001967309 -0.5864238182828723 -0.4580269100236879
1.1011011011011012 -0.37725657735269263 -0.5879657997869403 -0.46229659979452636
1.1211211211211212 -0.3785737370744491 -0.5894454355718646 -0.4664519297173149
1.1411411411411412 -0.37984284842459415 -0.590866036685592 -0.4704952306588327
1.1611611611611612 -0.3810656596183511 -0.5922307178266146 -0.47442897198910605
1.1811811811811812 -0.3822438193819907 -0.5935424090495567 -0.47825576127606917
1.2012012012012012 -0.3833788934096086 -0.5948038668198465 -0.4819783343938822
1.2212212212212212 -0.3844723769755955 -0.5960176844428896 -0.4855995387037175
1.2412412412412412 -0.38552570455669155 -0.597186301894187 -0.4891223116954245
1.2612612612612613 -0.3865402571451711 -0.5983120150774498 -0.49254965710744786
1.2812812812812813 -0.38751736779206863 -0.5993969845380093 -0.495884620135785
1.3013013013013013 -0.388458325803321 -0.6004432436588132 -0.4991302629484607
1.3213213213213213 -0.3893643799184469 -0.6014527063660218 -0.502289641370429
1.3413413413413413 -0.3902367407271894 -0.6024271743707569 -0.5053657833104973
1.3613613613613613 -0.39107658252092137 -0.6033683439729375 -0.5083616692708985
1.3813813813813813 -0.39188504472959895 -0.6042778124523773 -0.5112802151079681
1.4014014014014013 -0.3926632330590883 -0.6051570840714489 -0.5141242570911607
1.4214214214214214 -0.3934122204157362 -0.6060075757126849 -0.5168965392275631
1.4414414414414414 -0.3941330476833939 -0.6068306221736749 -0.519599702770267
1.4614614614614614 -0.3948267244013945 -0.6076274811405382 -0.522236277802459
1.4814814814814814 -0.39549422937914575 -0.6083993378602043 -0.5248086767772712
1.5015015015015014 -0.396136511273177 -0.6091473095305887 -0.5273191898903311
1.5215215215215214 -0.3967544891450048 -0.6098724494266636 -0.5297699821631313
1.5415415415415414 -0.3973490530125206 -0.6105757507793134 -0.5321630921176894
1.5615615615615615 -0.3979210644033541 -0.6112581504227835 -0.534500431924656
1.5815815815815815 -0.3984713569154997 -0.6119205322254636 -0.5367837889070415
1.6016016016016015 -0.3990007367881558 -0.6125637303177273 -0.5390148282798605
1.6216216216216217 -0.3995099834840355 -0.6131885321295693 -0.5411950970024977
1.6416416416416417 -0.39999985028319596 -0.6137956812498352 -0.5433260286160543
1.6616616616616617 -0.40047106488759937 -0.6143858801179618 -0.545408948933163
1.6816816816816818 -0.40092433003505634 -0.6149597925583173 -0.5474450824434668
1.7017017017017018 -0.401360324120855 -0.6155180461664493 -0.5494355592950099
1.7217217217217218 -0.40177970182518485 -0.6160612345558528 -0.5513814227106669
1.7417417417417418 -0.4021830947443821 -0.6165899194731931 -0.5532836366999567
1.7617617617617618 -0.4025711120240275 -0.6171046327893497 -0.5551430939303266
1.7817817817817818 -0.4029443409919819 -0.6176058783730846 -0.5569606236283063
1.8018018018018018 -0.40330334778954724 -0.6180941338536685 -0.5587369993896566
1.8218218218218218 -0.4036486779990625 -0.6185698522783587 -0.5604729467884977
1.8418418418418419 -0.403980857266383 -0.6190334636702365 -0.5621691506879982
1.8618618618618619 -0.404300391916836 -0.6194853764915675 -0.5638262621690705
1.8818818818818819 -0.40460776956339717 -0.6199259790175534 -0.5654449050081483
1.901901901901902 -0.4049034597059727 -0.6203556406250622 -0.5670256816500593
1.921921921921922 -0.40518791432082 -0.6207747130006952 -0.5685691786367265
1.941941941941942 -0.4054615684392636 -0.6211835312723387 -0.5700759714666099
1.961961961961962 -0.4057248407149985 -0.621582415068156 -0.571546628873001
1.981981981981982 -0.40597813397938354 -0.6219716695068077 -0.5729817165213056
2.002002002002002 -0.4062218357842382 -0.6223515861225389 -0.574381800136066
2.022022022022022 -0.4064563189317516 -0.6227224437286277 -0.5757474480775601
2.042042042042042 -0.40668194199120844 -0.6230845092225531 -0.5770792333953368
2.062062062062062 -0.4068990498023091 -0.6234380383361365 -0.5783777353920015
2.0820820820820822 -0.4071079739649434 -0.6237832763337651 -0.5796435407350083
2.1021021021021022 -0.4073090333153342 -0.6241204586617195 -0.5808772441572645
2.1221221221221223 -0.40750253438853357 -0.6244498115514985 -0.5820794487891155
2.1421421421421423 -0.40768877186729574 -0.6247715525799288 -0.5832507661649169
2.1621621621621623 -0.4078680290174094 -0.6250858911887521 -0.5843918159470768
2.1821821821821823 -0.4080405781095949 -0.6253930291662496 -0.5855032254093147
2.2022022022022023 -0.4082066808281261 -0.6256931610933817 -0.5865856287190979
2.2222222222222223 -0.4083665886663464 -0.6259864747567995 -0.5876396660569323
2.2422422422422423 -0.40852054330928805 -0.62627315153098 -0.5886659826075405
2.2622622622622623 -0.4086687770036225 -0.626553366731632 -0.5896652274550476
2.2822822822822824 -0.40881151291517953 -0.6268272899424155 -0.5906380524112791
2.3023023023023024 -0.40894896547430254 -0.6270950853169089 -0.5915851108031734
2.3223223223223224 -0.40908134070930413 -0.6273569118576567 -0.5925070562422533
2.3423423423423424 -0.40920883656830653 -0.6276129236740277 -0.5934045413961101
2.3623623623623624 -0.40933164322975535 -0.6278632702205146 -0.5942782167790105
2.3823823823823824 -0.4094499434018992 -0.6281080965170067 -0.5951287295760272
2.4024024024024024 -0.40956391261153213 -0.628347543352473 -0.5959567225125877
2.4224224224224224 -0.40967371948229947 -0.628581747473399 -0.5967628327790359
2.4424424424424425 -0.40977952600286854 -0.6288108417582369 -0.5975476910176891
2.4624624624624625 -0.40988148778525885 -0.6290349553790294 -0.5983119203779897
2.4824824824824825 -0.40997975431363637 -0.6292542139513075 -0.5990561356436702
2.5025025025025025 -0.41007446918386314 -0.6294687396732539 -0.5997809424343722
2.5225225225225225 -0.410165770334094 -0.6296786514550787 -0.60048693648287
2.5425425425425425 -0.4102537902667141 -0.6298840650394607 -0.6011747029879574
2.5625625625625625 -0.4103386562618947 -0.6300850931138516 -0.6018448160421076
2.5825825825825826 -0.41042049058304947 -0.6302818454153668 -0.6024978381322501
2.6026026026026026 -0.41049941067446627 -0.6304744288289456 -0.6031343197113697
2.6226226226226226 -0.4105755293513777 -0.6306629474793763 -0.6037547988381186
2.6426426426426426 -0.4106489549827351 -0.6308475028177635 -0.6043598008812513
2.6626626626626626 -0.4107197916669433 -0.6310281937029387 -0.6049498382853883
2.6826826826826826 -0.41078813940080056 -0.6312051164782848 -0.6055254103944215
2.7027027027027026 -0.4108540942418886 -0.6313783650443955 -0.6060870033287402
2.7227227227227226 -0.4109177484646523 -0.6315480309279531 -0.6066350899124052
2.7427427427427427 -0.4109791907103901 -0.6317142033471773 -0.6071701296463874
2.7627627627627627 -0.41103850613138776 -0.6318769692741507 -0.6076925687240323
2.7827827827827827 -0.41109577652940243 -0.632036413494312 -0.6082028400850004
2.8028028028028027 -0.41115108048871474 -0.632192618663369 -0.6087013635040306
2.8228228228228227 -0.41120449350394506 -0.6323456653618575 -0.6091885457110278
2.8428428428428427 -0.41125608810283465 -0.6324956321475589 -0.6096647805391199
2.8628628628628627 -0.41130593396418147 -0.6326425956059535 -0.6101304490975018
2.8828828828828827 -0.4113540980311123 -0.6327866303988797 -0.6105859199660628
2.9029029029029028 -0.411400644619872 -0.6329278093115427 -0.611031549408978
2.9229229229229228 -0.41144563552429847 -0.6330662032980043 -0.6114676816046278
2.942942942942943 -0.41148913011615207 -0.6332018815252716 -0.6118946488893966
2.962962962962963 -0.4115311854414578 -0.6333349114160874 -0.6123127720130853
2.982982982982983 -0.4115718563130142 -0.6334653586905136 -0.612722360403851
3.003003003003003 -0.4116111953992216 -0.6335932874063891 -0.6131237124407563
3.023023023023023 -0.41164925330936525 -0.6337187599987337 -0.6135171157321839
3.043043043043043 -0.4116860786755033 -0.6338418373181647 -0.6139028473985267
3.063063063063063 -0.41172171823108084 -0.6339625786683755 -0.6142811743577129
3.083083083083083 -0.41175621688640746 -0.6340810418427344 -0.6146523536122698
3.103103103103103 -0.41178961780111895 -0.6341972831600378 -0.6150166325367676
3.123123123123123 -0.4118219624537385 -0.6343113574994654 -0.6153742491646002
3.143143143143143 -0.4118532907084588 -0.6344233183347638 -0.6157254324731848
3.163163163163163 -0.4118836408792499 -0.6345332177676931 -0.6160704026667676
3.183183183183183 -0.4119130497914029 -0.6346411065607598 -0.6164093714561198
3.203203203203203 -0.4119415528406048 -0.6347470341692629 -0.6167425423345044
3.2232232232232234 -0.411969184049654 -0.6348510487726677 -0.6170701108493766
3.2432432432432434 -0.41199597612289746 -0.634953197305335 -0.6173922648693575
3.2632632632632634 -0.41202196049849027 -0.6350535254866112 -0.6177091848460922
3.2832832832832834 -0.4120471673985613 -0.6351520778503045 -0.6180210440706679
3.3033033033033035 -0.4120716258773667 -0.6352488977735505 -0.6183280089243245
3.3233233233233235 -0.41209536386751544 -0.6353440275050891 -0.6186302391232442
3.3433433433433435 -0.4121184082243413 -0.6354375081929547 -0.6189278879572513
3.3633633633633635 -0.41214078476849814 -0.6355293799115963 -0.619221102522302
3.3833833833833835 -0.4121625183268465 -0.6356196816884354 -0.6195100239466713
3.4034034034034035 -0.41218363277170483 -0.6357084515298673 -0.6197947876107918
3.4234234234234235 -0.412204151058525 -0.6357957264467167 -0.6200755233607179
3.4434434434434436 -0.41222409526206205 -0.6358815424791585 -0.6203523557152213
3.4634634634634636 -0.4122434866110938 -0.635965934721107 -0.6206254040665427
3.4834834834834836 -0.41226234552175 -0.6360489373440793 -0.6208947828748577
3.5035035035035036 -0.41228069162951014 -0.6361305836205493 -0.6211606018565108
3.5235235235235236 -0.4122985438199171 -0.6362109059467894 -0.6214229661661098
3.5435435435435436 -0.412315920258065 -0.6362899358652112 -0.6216819765725707
3.5635635635635636 -0.41233283841690693 -0.6363677040862157 -0.6219377296292229
3.5835835835835836 -0.4123493151044316 -0.6364442405095513 -0.6221903178380906
3.6036036036036037 -0.4123653664897513 -0.636519574245196 -0.6224398298084723
3.6236236236236237 -0.41238100812815215 -0.6365937336337654 -0.6226863504099565
3.6436436436436437 -0.41239625498514065 -0.6366667462664535 -0.6229299609199989
3.6636636636636637 -0.4124111214595305 -0.6367386390045158 -0.6231707391662143
3.6836836836836837 -0.41242562140561045 -0.6368094379983014 -0.6234087596635155
3.7037037037037037 -0.41243976815442707 -0.6368791687058378 -0.6236440937462537
3.7237237237237237 -0.4124535745342167 -0.6369478559109808 -0.6238768096954979
3.7437437437437437 -0.4124670528900279 -0.6370155237411337 -0.6241069728616109
3.7637637637637638 -0.41248021510255883 -0.6370821956845423 -0.62433464578226
3.7837837837837838 -0.41249307260624535 -0.6371478946071752 -0.6245598882960148
3.803803803803804 -0.4125056364066319 -0.6372126427691955 -0.6247827576516753
3.823823823823824 -0.4125179170970486 -0.6372764618410317 -0.6250033086134729
3.843843843843844 -0.4125299248746269 -0.6373393729190533 -0.6252215935622871
3.863863863863864 -0.4125416695556798 -0.6374013965408645 -0.6254376625930212
3.883883883883884 -0.41255316059047054 -0.6374625527002111 -0.6256515636082645
3.903903903903904 -0.4125644070773952 -0.6375228608615241 -0.6258633424083831
3.923923923923924 -0.4125754177766045 -0.6375823399740923 -0.62607304277817
3.943943943943944 -0.4125862011230835 -0.6376410084858831 -0.6262807065701751
3.963963963963964 -0.4125967652392153 -0.6376988843570082 -0.6264863737848496
3.983983983983984 -0.41260711794684707 -0.6377559850728514 -0.6266900826476162
4.004004004004004 -0.4126172667788777 -0.6378123276568575 -0.6268918696829914
4.024024024024024 -0.4126272189903885 -0.6378679286829948 -0.6270917697858678
4.044044044044044 -0.41263698156933515 -0.6379228042878959 -0.62728981629007
4.064064064064064 -0.41264656124681515 -0.6379769701826845 -0.6274860410342891
4.084084084084084 -0.4126559645069316 -0.6380304416644931 -0.6276804744255026
4.104104104104104 -0.4126651975962693 -0.6380832336276833 -0.627873145499976
4.124124124124124 -0.4126742665329955 -0.6381353605747695 -0.6280640819819434
4.1441441441441444 -0.412683177115603 -0.638186836627059 -0.6282533103400629
4.1641641641641645 -0.4126919349313106 -0.6382376755350073 -0.6284408558417299
4.1841841841841845 -0.4127005453641317 -0.6382878906883035 -0.6286267426053425
4.2042042042042045 -0.41270901360262724 -0.6383374951256889 -0.6288109936505937
4.2242242242242245 -0.4127173446473526 -0.6383865015445087 -0.628993630946877
4.2442442442442445 -0.412725543318015 -0.6384349223100166 -0.6291746754598742
4.2642642642642645 -0.4127336142603478 -0.638482769464426 -0.6293541471964059
4.2842842842842845 -0.41274156195271766 -0.6385300547357194 -0.6295320652476102
4.3043043043043046 -0.41274939071247185 -0.6385767895462242 -0.6297084478305167
4.324324324324325 -0.41275710470203825 -0.6386229850209524 -0.6298833123280839
4.344344344344345 -0.4127647079347857 -0.6386686519957213 -0.6300566753277557
4.364364364364365 -0.41277220428065775 -0.6387138010250503 -0.6302285526586013
4.384384384384385 -0.41277959747158505 -0.6387584423898455 -0.6303989594270909
4.404404404404405 -0.41278689110668637 -0.6388025861048781 -0.6305679100515632
4.424424424424425 -0.4127940886572697 -0.6388462419260543 -0.6307354182954336
4.444444444444445 -0.412801193471635 -0.6388894193574951 -0.6309014972991929
4.464464464464465 -0.4128082087796946 -0.6389321276584147 -0.6310661596112456
4.484484484484485 -0.41281513769741013 -0.638974375849818 -0.6312294172176272
4.504504504504505 -0.41282198323105934 -0.6390161727210124 -0.6313912815706471
4.524524524524525 -0.4128287482813387 -0.6390575268359402 -0.6315517636164937
4.544544544544545 -0.41283543564730346 -0.6390984465393419 -0.6317108738218452
4.564564564564565 -0.41284204803015884 -0.6391389399627445 -0.6318686221995159
4.584584584584585 -0.4128485880369034 -0.639179015030292 -0.6320250183331779
4.604604604604605 -0.4128550581838297 -0.6392186794644099 -0.6321800714011905
4.624624624624625 -0.4128614608998946 -0.6392579407913184 -0.6323337901995643
4.644644644644645 -0.41286779852995437 -0.6392968063463916 -0.6324861831640974
4.664664664664665 -0.4128740733378782 -0.639335283279371 -0.6326372583917051
4.684684684684685 -0.4128802875095414 -0.639373378559431 -0.6327870236609721
4.704704704704705 -0.4128864431557045 -0.6394110989801132 -0.6329354864519579
4.724724724724725 -0.41289254231477884 -0.6394484511641143 -0.63308265396527
4.744744744744745 -0.4128985869554897 -0.6394854415679497 -0.6332285331404381
4.764764764764765 -0.4129045789794339 -0.6395220764864866 -0.6333731306736042
4.784784784784785 -0.41291052022354313 -0.6395583620573486 -0.6335164530345541
4.804804804804805 -0.4129164124624508 -0.6395943042652027 -0.6336585064831051
4.824824824824825 -0.41292225741076743 -0.6396299089459262 -0.6337992970848779
4.844844844844845 -0.4129280567252731 -0.6396651817906577 -0.633938830726459
4.864864864864865 -0.41293381200702156 -0.6397001283497379 -0.6340771131299808
4.884884884884885 -0.41293952480336893 -0.6397347540365402 -0.6342141498671321
4.904904904904905 -0.4129451966099213 -0.639769064131195 -0.6343499463726118
4.924924924924925 -0.41295082887241075 -0.6398030637842134 -0.6344845079570473
4.944944944944945 -0.41295642298849894 -0.6398367580200066 -0.6346178398193869
4.964964964964965 -0.41296198030951375 -0.6398701517403129 -0.6347499470587797
4.984984984984985 -0.4129675021421186 -0.6399032497275251 -0.6348808346859633
5.005005005005005 -0.4129729897499199 -0.6399360566479305 -0.6350105076341591
5.025025025025025 -0.4129784443550123 -0.6399685770548564 -0.6351389707695029
5.045045045045045 -0.4129838671394678 -0.6400008153917345 -0.635266228901009
5.065065065065065 -0.4129892592467673 -0.6400327759950745 -0.6353922867900877
5.085085085085085 -0.4129946217831782 -0.6400644630973599 -0.6355171491596242
5.105105105105105 -0.4129999558190807 -0.6400958808298619 -0.6356408207026267
5.125125125125125 -0.4130052623902453 -0.6401270332253768 -0.6357633060904629
5.145145145145145 -0.4130105424990598 -0.6401579242208852 -0.6358846099806815
5.165165165165165 -0.41301579711571346 -0.6401885576601412 -0.6360047370244423
5.185185185185185 -0.4130210271793343 -0.6402189372961883 -0.6361236918735538
5.205205205205205 -0.4130262335990865 -0.640249066793805 -0.6362414791871346
5.225225225225225 -0.4130314172552236 -0.640278949731885 -0.6363581036379021
5.245245245245245 -0.4130365790001063 -0.6403085896057509 -0.6364735699181029
5.265265265265265 -0.41304171965917946 -0.6403379898294036 -0.6365878827450892
5.285285285285285 -0.41304684003191394 -0.6403671537377099 -0.6367010468665512
5.305305305305305 -0.41305194089271424 -0.640396084588531 -0.6368130670654162
5.325325325325325 -0.4130570229917911 -0.6404247855647907 -0.6369239481644191
5.345345345345345 -0.41306208705600234 -0.6404532597764878 -0.6370336950303555
5.365365365365365 -0.4130671337896643 -0.6404815102626529 -0.6371423125780226
5.385385385385385 -0.41307216387533063 -0.6405095399932513 -0.6372498057738625
5.405405405405405 -0.41307717797454396 -0.6405373518710339 -0.6373561796393041
5.425425425425425 -0.4130821767285608 -0.640564948733336 -0.6374614392538258
5.445445445445445 -0.41308716075904806 -0.6405923333538296 -0.637565589757736
5.465465465465465 -0.4130921306687547 -0.6406195084442232 -0.6376686363546841
5.485485485485485 -0.41309708704215975 -0.6406464766559203 -0.6377705843139099
5.505505505505505 -0.4131020304460952 -0.6406732405816284 -0.6378714389722372
5.525525525525525 -0.41310696143034775 -0.640699802756923 -0.6379712057358204
5.545545545545545 -0.41311188052823733 -0.6407261656617758 -0.6380698900816536
5.565565565565565 -0.41311678825717485 -0.6407523317220317 -0.6381674975588465
5.585585585585585 -0.4131216851192009 -0.6407783033108522 -0.6382640337896761
5.605605605605605 -0.4131265716015034 -0.6408040827501164 -0.6383595044704248
5.625625625625625 -0.41313144817691777 -0.6408296723117833 -0.638453915372007
5.645645645645645 -0.4131363153044078 -0.6408550742192214 -0.6385472723403968
5.665665665665665 -0.41314117342953083 -0.6408802906484933 -0.6386395812968608
5.685685685685685 -0.41314602298488456 -0.6409053237296154 -0.6387308482380052
5.7057057057057055 -0.41315086439053933 -0.6409301755477752 -0.6388210792356459
5.7257257257257255 -0.4131556980544538 -0.6409548481445199 -0.6389102804365036
5.7457457457457455 -0.4131605243728758 -0.6409793435189097 -0.6389984580617398
5.7657657657657655 -0.41316534373073033 -0.6410036636286437 -0.6390856184063327
5.7857857857857855 -0.4131701565019919 -0.641027810391151 -0.6391717678383043
5.8058058058058055 -0.41317496305004436 -0.6410517856846533 -0.6392569127978062
5.8258258258258255 -0.4131797637280285 -0.6410755913492002 -0.6393410597960691
5.8458458458458455 -0.41318455887917677 -0.6410992291876751 -0.639424215414226
5.865865865865866 -0.41318934883713626 -0.641122700966773 -0.6395063863020101
5.885885885885886 -0.4131941339262799 -0.641146008417955 -0.639587579176342
5.905905905905906 -0.41319891446200824 -0.6411691532383704 -0.6396678008198078
5.925925925925926 -0.4132036907510386 -0.6411921370917617 -0.6397470580790353
5.945945945945946 -0.41320846309168496 -0.6412149616093402 -0.6398253578629758
5.965965965965966 -0.41321323177412933 -0.6412376283906381 -0.6399027071410976
5.985985985985986 -0.41321799708068085 -0.6412601390043384 -0.6399791129414985
6.006006006006006 -0.413222759286029 -0.641282494989084 -0.6400545823489394
6.026026026026026 -0.4132275186574858 -0.6413046978542597 -0.6401291225028118
6.046046046046046 -0.41323227545521957 -0.6413267490807609 -0.6402027405950391
6.066066066066066 -0.4132370299324833 -0.6413486501217329 -0.6402754438679191
6.086086086086086 -0.41324178233583125 -0.6413704024032975 -0.6403472396119159
6.106106106106106 -0.41324653290533164 -0.6413920073252535 -0.6404181351634034
6.126126126126126 -0.41325128187476856 -0.6414134662617658 -0.6404881379023671
6.146146146146146 -0.41325602947184137 -0.641434780562027 -0.6405572552500707
6.166166166166166 -0.4132607759183526 -0.6414559515509096 -0.6406254946666883
6.186186186186186 -0.41326552143039197 -0.6414769805295941 -0.640692863648913
6.206206206206206 -0.4132702662185153 -0.6414978687761841 -0.6407593697275424
6.226226226226226 -0.41327501048791404 -0.6415186175463031 -0.6408250204650466
6.246246246246246 -0.4132797544385811 -0.6415392280736744 -0.6408898234531238
6.266266266266266 -0.4132844982654724 -0.6415597015706886 -0.6409537863102456
6.286286286286286 -0.41328924215865914 -0.6415800392289516 -0.6410169166792019
6.306306306306306 -0.4132939863034789 -0.6416002422198211 -0.6410792222246405
6.326326326326326 -0.41329873088067964 -0.6416203116949258 -0.6411407106306123
6.346346346346346 -0.413303476066558 -0.641640248786674 -0.6412013895981239
6.366366366366366 -0.41330822203309575 -0.6416600546087461 -0.6412612668426984
6.386386386386386 -0.41331296894809016 -0.6416797302565717 -0.6413203500919521
6.406406406406406 -0.4133177169752784 -0.6416992768078005 -0.6413786470831851
6.426426426426427 -0.41332246627446073 -0.6417186953227533 -0.6414361655609956
6.446446446446447 -0.41332721700161945 -0.6417379868448654 -0.6414929132749122
6.466466466466467 -0.4133319693090292 -0.6417571524011152 -0.6415488979770543
6.486486486486487 -0.4133367233453718 -0.6417761930024445 -0.6416041274198196
6.506506506506507 -0.41334147925583886 -0.6417951096441622 -0.6416586093536006
6.526526526526527 -0.4133462371822376 -0.6418139033063457 -0.6417123515245354
6.546546546546547 -0.41335099726308966 -0.6418325749542195 -0.6417653616722894
6.566566566566567 -0.4133557596337274 -0.6418511255385347 -0.6418176475278776
6.586586586586587 -0.4133605244263869 -0.6418695559959332 -0.6418692168115215
6.606606606606607 -0.4133652917702998 -0.6418878672493011 -0.6419200772305461
6.626626626626627 -0.4133700617917801 -0.6419060602081147 -0.6419702364773191
6.646646646646647 -0.4133748346143075 -0.641924135768776 -0.6420197022272336
6.666666666666667 -0.4133796103586113 -0.6419420948149414 -0.6420684821367301
6.686686686686687 -0.41338438914274894 -0.6419599382178357 -0.6421165838413687
6.706706706706707 -0.413389171082182 -0.641977666836566 -0.6421640149539445
6.726726726726727 -0.4133939562898522 -0.6419952815184196 -0.6422107830626497
6.746746746746747 -0.4133987448762511 -0.6420127830991574 -0.6422568957292838
6.766766766766767 -0.4134035369494924 -0.6420301724033001 -0.6423023604875112
6.786786786786787 -0.4134083326153776 -0.6420474502444029 -0.6423471848411694
6.806806806806807 -0.41341313197746204 -0.6420646174253263 -0.6423913762626247
6.826826826826827 -0.413417935137118 -0.6420816747384994 -0.642434942191178
6.846846846846847 -0.4134227421935967 -0.6420986229661731 -0.6424778900315208
6.866866866866867 -0.4134275532440864 -0.6421154628806692 -0.6425202271522407
6.886886886886887 -0.41343236838377184 -0.6421321952446206 -0.6425619608843781
6.906906906906907 -0.41343718770588866 -0.6421488208112083 -0.642603098520031
6.926926926926927 -0.41344201130177777 -0.6421653403243871 -0.6426436473110128
6.946946946946947 -0.4134468392609378 -0.6421817545191105 -0.6426836144675574
6.966966966966967 -0.4134516716710766 -0.6421980641215438 -0.6427230071570764
6.986986986986987 -0.41345650861815947 -0.642214269849276 -0.6427618325029635
7.007007007007007 -0.4134613501864573 -0.6422303724115248 -0.6428000975834505
7.027027027027027 -0.4134661964585933 -0.6422463725093326 -0.6428378094305099
7.047047047047047 -0.4134710475155871 -0.642262270835762 -0.6428749750288082
7.067067067067067 -0.41347590343689894 -0.6422780680760843 -0.6429116013147037
7.087087087087087 -0.4134807643004717 -0.6422937649079594 -0.6429476951752975
7.107107107107107 -0.4134856301827716 -0.6423093620016166 -0.6429832634475232
7.127127127127127 -0.41349050115882857 -0.6423248600200262 -0.6430183129172917
7.147147147147147 -0.41349537730227387 -0.6423402596190664 -0.6430528503186731
7.167167167167167 -0.4135002586853784 -0.6423555614476884 -0.6430868823331304
7.187187187187187 -0.41350514537908806 -0.6423707661480751 -0.6431204155887924
7.207207207207207 -0.41351003745306014 -0.6423858743557951 -0.6431534566597733
7.227227227227227 -0.413514934975696 -0.6424008866999519 -0.643186012065533
7.247247247247247 -0.41351983801417563 -0.6424158038033324 -0.6432180882702792
7.267267267267267 -0.4135247466344891 -0.6424306262825467 -0.6432496916824111
7.287287287287287 -0.41352966090146753 -0.6424453547481663 -0.6432808286540054
7.307307307307307 -0.41353458087881484 -0.64245998980486 -0.6433115054803353
7.327327327327327 -0.41353950662913475 -0.642474532051522 -0.6433417283994354
7.347347347347347 -0.41354443821396203 -0.6424889820813995 -0.6433715035916997
7.367367367367367 -0.4135493756937888 -0.6425033404822168 -0.6434008371795168
7.387387387387387 -0.4135543191280912 -0.6425176078362935 -0.6434297352269422
7.407407407407407 -0.413559268575357 -0.642531784720662 -0.6434582037394042
7.4274274274274275 -0.4135642240931095 -0.6425458717071795 -0.6434862486634447
7.4474474474474475 -0.41356918573793366 -0.6425598693626394 -0.6435138758864919
7.4674674674674675 -0.4135741535654987 -0.6425737782488767 -0.6435410912366677
7.4874874874874875 -0.4135791276305824 -0.6425875989228718 -0.643567900482622
7.5075075075075075 -0.4135841079870943 -0.6426013319368521 -0.6435943093334031
7.5275275275275275 -0.4135890946880958 -0.6426149778383896 -0.6436203234383512
7.5475475475475475 -0.41359408778582346 -0.642628537170496 -0.6436459483870265
7.5675675675675675 -0.413599087331709 -0.6426420104717145 -0.6436711897091605
7.587587587587588 -0.41360409337639975 -0.6426553982762109 -0.6436960528746374
7.607607607607608 -0.41360910596977796 -0.6426687011138601 -0.6437205432934979
7.627627627627628 -0.41361412516098056 -0.6426819195103304 -0.6437446663159725
7.647647647647648 -0.4136191509984172 -0.642695053987167 -0.6437684272325342
7.667667667667668 -0.4136241835297885 -0.6427081050618699 -0.6437918312739791
7.687687687687688 -0.4136292228021041 -0.6427210732479743 -0.6438148836115266
7.707707707707708 -0.4136342688616989 -0.642733959055124 -0.6438375893569416
7.727727727727728 -0.4136393217542505 -0.6427467629891443 -0.6438599535626797
7.747747747747748 -0.41364438152479444 -0.6427594855521152 -0.6438819812220495
7.767767767767768 -0.4136494482177417 -0.6427721272424376 -0.6439036772693977
7.787787787787788 -0.4136545218768919 -0.6427846885549038 -0.6439250465803088
7.807807807807808 -0.41365960254544965 -0.6427971699807585 -0.643946093971827
7.827827827827828 -0.4136646902660381 -0.6428095720077653 -0.6439668242026911
7.847847847847848 -0.4136697850807148 -0.6428218951202668 -0.6439872419735897
7.867867867867868 -0.41367488703098254 -0.6428341397992431 -0.6440073519274275
7.887887887887888 -0.41367999615780554 -0.6428463065223714 -0.6440271586496112
7.907907907907908 -0.4136851125016208 -0.6428583957640811 -0.6440466666683473
7.927927927927928 -0.41369023610235195 -0.6428704079956084 -0.6440658804549526
7.947947947947948 -0.4136953669994203 -0.642882343685049 -0.6440848044241809
7.967967967967968 -0.4137005052317576 -0.6428942032974093 -0.6441034429345588
7.987987987987988 -0.4137056508378177 -0.6429059872946565 -0.6441218002887341
8.008008008008009 -0.4137108038555881 -0.6429176961357667 -0.644139880733838
8.028028028028029 -0.41371596432260044 -0.642929330276771 -0.6441576884618528
8.048048048048049 -0.4137211322759422 -0.6429408901708028 -0.6441752276099953
8.068068068068069 -0.41372630775226604 -0.6429523762681398 -0.6441925022611048
8.088088088088089 -0.4137314907878014 -0.6429637890162482 -0.644209516444042
8.108108108108109 -0.41373668141836334 -0.6429751288598234 -0.6442262741340978
8.128128128128129 -0.4137418796793631 -0.6429863962408311 -0.6442427792534067
8.148148148148149 -0.41374708560581697 -0.6429975915985444 -0.6442590356713704
8.168168168168169 -0.4137522992323562 -0.643008715369585 -0.6442750472050867
8.188188188188189 -0.41375752059323495 -0.6430197679879566 -0.6442908176197852
8.208208208208209 -0.4137627497223404 -0.643030749885082 -0.644306350629269
8.228228228228229 -0.41376798665320025 -0.6430416614898381 -0.6443216498963623
8.248248248248249 -0.41377323141899164 -0.6430525032285892 -0.6443367190333623
8.268268268268269 -0.4137784840525487 -0.643063275525218 -0.6443515616024972
8.288288288288289 -0.4137837445863715 -0.6430739788011595 -0.644366181116386
8.308308308308309 -0.4137890130526326 -0.6430846134754297 -0.6443805810385049
8.328328328328329 -0.4137942894831851 -0.6430951799646563 -0.6443947647836559
8.348348348348349 -0.41379957390957045 -0.6431056786831068 -0.6444087357184387
8.368368368368369 -0.4138048663630248 -0.643116110042717 -0.644422497161725
8.388388388388389 -0.41381016687448646 -0.6431264744531169 -0.6444360523851369
8.408408408408409 -0.41381547547460257 -0.6431367723216582 -0.644449404613526
8.428428428428429 -0.4138207921937355 -0.6431470040534399 -0.644462557025453
8.448448448448449 -0.41382611706197014 -0.6431571700513311 -0.6444755127536738
8.468468468468469 -0.41383145010911954 -0.643167270715996 -0.644488274885621
8.488488488488489 -0.41383679136473045 -0.6431773064459179 -0.6445008464638905
8.508508508508509 -0.4138421408580913 -0.6431872776374198 -0.644513230486727
8.528528528528529 -0.4138474986182363 -0.6431971846846884 -0.6445254299085103
8.548548548548549 -0.4138528646739515 -0.6432070279797935 -0.644537447640242
8.568568568568569 -0.41385823905378105 -0.6432168079127079 -0.6445492865500315
8.588588588588589 -0.41386362178603237 -0.6432265248713301 -0.6445609494635838
8.608608608608609 -0.4138690128987805 -0.6432361792415006 -0.6445724391646845
8.62862862862863 -0.4138744124198754 -0.6432457714070227 -0.6445837583956849
8.64864864864865 -0.41387982037694454 -0.6432553017496788 -0.644594909857986
8.66866866866867 -0.41388523679739964 -0.64326477064925 -0.6446058962125227
8.68868868868869 -0.4138906617084414 -0.6432741784835304 -0.6446167200802461
8.70870870870871 -0.4138960951370628 -0.6432835256283463 -0.6446273840426028
8.72872872872873 -0.4139015371100554 -0.6432928124575708 -0.6446378906420147
8.74874874874875 -0.41390698765401257 -0.6433020393431405 -0.6446482423823564
8.76876876876877 -0.4139124467953354 -0.6433112066550688 -0.6446584417294303
8.78878878878879 -0.41391791456023413 -0.6433203147614619 -0.6446684911114404
8.80880880880881 -0.4139233909747367 -0.6433293640285325 -0.6446783929194624
8.82882882882883 -0.41392887606468826 -0.6433383548206139 -0.6446881495079138
8.84884884884885 -0.4139343698557583 -0.6433472875001736 -0.6446977631950194
8.86886886886887 -0.4139398723734433 -0.643356162427825 -0.6447072362632749
8.88888888888889 -0.4139453836430709 -0.6433649799623422 -0.644716570959909
8.90890890890891 -0.41395090368980314 -0.6433737404606699 -0.6447257694973414
8.92892892892893 -0.41395643253864084 -0.6433824442779369 -0.6447348340536372
8.94894894894895 -0.41396197021442654 -0.6433910917674672 -0.6447437667729605
8.96896896896897 -0.4139675167418483 -0.6433996832807913 -0.6447525697660236
8.98898898898899 -0.41397307214544277 -0.6434082191676564 -0.6447612451105328
9.00900900900901 -0.4139786364495992 -0.6434166997760388 -0.6447697948516309
9.02902902902903 -0.4139842096785618 -0.6434251254521516 -0.6447782210023387
9.04904904904905 -0.41398979185643364 -0.6434334965404581 -0.6447865255439887
9.06906906906907 -0.41399538300717886 -0.6434418133836782 -0.6447947104266601
9.08908908908909 -0.41400098315462674 -0.6434500763227995 -0.6448027775696066
9.10910910910911 -0.4140065923224744 -0.6434582856970872 -0.6448107288616827
9.12912912912913 -0.41401221053428866 -0.6434664418440919 -0.6448185661617651
9.14914914914915 -0.4140178378135107 -0.643474545099659 -0.6448262912991727
9.16916916916917 -0.41402347418345653 -0.6434825957979363 -0.6448339060740795
9.18918918918919 -0.41402911966732225 -0.643490594271385 -0.6448414122579256
9.20920920920921 -0.4140347742881849 -0.6434985408507835 -0.6448488115938253
9.22922922922923 -0.414040438069005 -0.6435064358652393 -0.6448561057969698
9.24924924924925 -0.4140461110326301 -0.6435142796421952 -0.6448632965550258
9.26926926926927 -0.41405179320179725 -0.6435220725074361 -0.6448703855285323
9.28928928928929 -0.41405748459913394 -0.6435298147850976 -0.6448773743512913
9.30930930930931 -0.41406318524716207 -0.6435375067976725 -0.6448842646307551
9.32932932932933 -0.41406889516829937 -0.6435451488660182 -0.6448910579484102
9.34934934934935 -0.4140746143848622 -0.6435527413093626 -0.6448977558601571
9.36936936936937 -0.41408034291906715 -0.6435602844453133 -0.644904359896686
9.38938938938939 -0.41408608079303366 -0.6435677785898606 -0.6449108715638475
9.40940940940941 -0.41409182802878614 -0.6435752240573872 -0.6449172923430212
9.42942942942943 -0.4140975846482558 -0.6435826211606726 -0.6449236236914779
9.44944944944945 -0.41410335067328263 -0.6435899702109 -0.644929867042741
9.46946946946947 -0.4141091261256179 -0.6435972715176621 -0.64493602380694
9.48948948948949 -0.41411491102692516 -0.6436045253889673 -0.6449420953711632
9.50950950950951 -0.4141207053987829 -0.6436117321312458 -0.6449480830998042
9.52952952952953 -0.4141265092626866 -0.6436188920493544 -0.6449539883349054
9.54954954954955 -0.4141323226400498 -0.6436260054465824 -0.6449598123964984
9.56956956956957 -0.4141381455522057 -0.6436330726246592 -0.6449655565829376
9.58958958958959 -0.4141439780204106 -0.643640093883756 -0.6449712221712324
9.60960960960961 -0.4141498200658432 -0.6436470695224942 -0.6449768104173743
9.62962962962963 -0.414155671709608 -0.6436539998379499 -0.6449823225566605
9.64964964964965 -0.4141615329727365 -0.6436608851256581 -0.6449877598040121
9.66966966966967 -0.4141674038761887 -0.6436677256796203 -0.6449931233542905
9.68968968968969 -0.4141732844408541 -0.6436745217923056 -0.6449984143826082
9.70970970970971 -0.41417917468755455 -0.64368127375466 -0.6450036340446369
9.72972972972973 -0.41418507463704424 -0.6436879818561085 -0.64500878347691
9.74974974974975 -0.4141909843100125 -0.6436946463845612 -0.6450138637971231
9.76976976976977 -0.41419690372708373 -0.643701267626418 -0.6450188761044294
9.78978978978979 -0.41420283290882104 -0.6437078458665729 -0.6450238214797311
9.80980980980981 -0.4142087718757248 -0.6437143813884192 -0.6450287009859687
9.82982982982983 -0.41421472064823683 -0.6437208744738545 -0.6450335156684038
9.84984984984985 -0.4142206792467389 -0.6437273254032836 -0.6450382665549009
9.86986986986987 -0.4142266476915567 -0.6437337344556261 -0.6450429546562033
9.88988988988989 -0.41423262600295924 -0.6437401019083183 -0.6450475809662061
9.90990990990991 -0.4142386142011608 -0.6437464280373195 -0.6450521464622261
9.92992992992993 -0.4142446123063216 -0.6437527131171155 -0.6450566521052671
9.94994994994995 -0.4142506203385504 -0.6437589574207222 -0.645061098840281
9.96996996996997 -0.4142566383179041 -0.6437651612196933 -0.6450654875964273
9.98998998998999 -0.4142626662643893 -0.6437713247841206 -0.6450698192873281
10.01001001001001 -0.4142687041979637 -0.6437774483826427 -0.6450740948113174
10.03003003003003 -0.41427475213853737 -0.6437835322824444 -0.6450783150516912
10.05005005005005 -0.4142808101059728 -0.6437895767492672 -0.6450824808769496
10.07007007007007 -0.4142868781200875 -0.643795582047407 -0.6450865931410389
10.09009009009009 -0.4142929562006537 -0.6438015484397239 -0.6450906526835876
10.11011011011011 -0.4142990443673994 -0.6438074761876432 -0.6450946603301414
10.13013013013013 -0.41430514264001095 -0.6438133655511619 -0.6450986168923932
10.15015015015015 -0.41431125103813166 -0.6438192167888515 -0.64510252316841
10.17017017017017 -0.4143173695813644 -0.643825030157862 -0.645106379942857
10.19019019019019 -0.4143234982892722 -0.6438308059139284 -0.6451101879872181
10.21021021021021 -0.41432963718137883 -0.6438365443113724 -0.6451139480600129
10.23023023023023 -0.4143357862771695 -0.6438422456031085 -0.6451176609070113
10.25025025025025 -0.41434194559609266 -0.6438479100406477 -0.6451213272614442
10.27027027027027 -0.4143481151575603 -0.6438535378741015 -0.6451249478442108
10.29029029029029 -0.41435429498094795 -0.643859129352186 -0.6451285233640843
10.31031031031031 -0.4143604850855973 -0.643864684722228 -0.645132054517912
10.33033033033033 -0.4143666854908152 -0.6438702042301659 -0.6451355419908162
10.35035035035035 -0.41437289621587575 -0.6438756881205574 -0.6451389864563867
10.37037037037037 -0.41437911728002036 -0.6438811366365819 -0.6451423885768753
10.39039039039039 -0.4143853487024587 -0.6438865500200452 -0.645145749003386
10.41041041041041 -0.41439159050236946 -0.643891928511384 -0.6451490683760597
10.43043043043043 -0.4143978426989011 -0.6438972723496699 -0.6451523473242597
10.45045045045045 -0.4144041053111725 -0.6439025817726144 -0.6451555864667521
10.47047047047047 -0.4144103783582736 -0.6439078570165708 -0.6451587864118841
10.49049049049049 -0.41441666185926646 -0.6439130983165433 -0.6451619477577596
10.51051051051051 -0.41442295583318495 -0.6439183059061864 -0.6451650710924115
10.53053053053053 -0.4144292602990368 -0.6439234800178119 -0.6451681569939718
10.55055055055055 -0.4144355752758027 -0.6439286208823932 -0.6451712060308405
10.57057057057057 -0.4144419007824389 -0.6439337287295671 -0.6451742187618468
10.59059059059059 -0.4144482368378753 -0.6439388037876433 -0.645177195736416
10.61061061061061 -0.41445458346101877 -0.6439438462836031 -0.645180137494724
10.63063063063063 -0.4144609406707511 -0.6439488564431076 -0.6451830445678586
10.65065065065065 -0.4144673084859318 -0.6439538344905004 -0.6451859174779716
10.67067067067067 -0.4144736869253974 -0.6439587806488131 -0.6451887567384312
10.69069069069069 -0.4144800760079625 -0.6439636951397686 -0.6451915628539728
10.71071071071071 -0.4144864757524195 -0.6439685781837863 -0.6451943363208443
10.73073073073073 -0.4144928861775408 -0.6439734299999867 -0.6451970776269531
10.75075075075075 -0.4144993073020775 -0.6439782508061944 -0.6451997872520068
10.77077077077077 -0.41450573914476097 -0.6439830408189456 -0.645202465667654
10.79079079079079 -0.41451218172430343 -0.6439878002534889 -0.6452051133376235
10.81081081081081 -0.41451863505939796 -0.6439925293237927 -0.6452077307178579
10.83083083083083 -0.414525099168719 -0.6439972282425483 -0.6452103182566481
10.85085085085085 -0.4145315740709225 -0.6440018972211754 -0.6452128763947657
10.87087087087087 -0.41453805978464786 -0.6440065364698249 -0.6452154055655894
10.89089089089089 -0.414544556328517 -0.6440111461973855 -0.6452179061952354
10.91091091091091 -0.41455106372113465 -0.6440157266114871 -0.6452203787026792
10.93093093093093 -0.4145575819810902 -0.6440202779185064 -0.6452228234998811
10.95095095095095 -0.41456411112695646 -0.6440248003235693 -0.6452252409919054
10.97097097097097 -0.4145706511772917 -0.644029294030559 -0.6452276315770391
10.99099099099099 -0.41457720215063826 -0.6440337592421167 -0.6452299956469112
11.01101101101101 -0.41458376406552483 -0.6440381961596502 -0.645232333586604
11.03103103103103 -0.4145903369404652 -0.6440426049833345 -0.6452346457747694
11.05105105105105 -0.4145969207939601 -0.6440469859121201 -0.6452369325837378
11.07107107107107 -0.41460351564449616 -0.6440513391437358 -0.6452391943796291
11.09109109109109 -0.4146101215105478 -0.6440556648746938 -0.6452414315224584
11.11111111111111 -0.4146167384105761 -0.6440599633002931 -0.6452436443662435
11.13113113113113 -0.41462336636303027 -0.644064234614628 -0.6452458332591072
11.15115115115115 -0.4146300053863473 -0.644068479010588 -0.6452479985433809
11.17117117117117 -0.4146366554989525 -0.6440726966798661 -0.6452501405557035
11.19119119119119 -0.41464331671926086 -0.6440768878129616 -0.6452522596271204
11.21121121121121 -0.4146499890656751 -0.6440810525991861 -0.6452543560831828
11.23123123123123 -0.414656672556588 -0.6440851912266681 -0.6452564302440394
11.25125125125125 -0.41466336721038227 -0.644089303882357 -0.645258482424533
11.27127127127127 -0.4146700730454303 -0.6440933907520278 -0.6452605129342917
11.29129129129129 -0.4146767900800948 -0.6440974520202875 -0.6452625220778194
11.31131131131131 -0.41468351833272926 -0.6441014878705791 -0.6452645101545849
11.33133133133133 -0.4146902578216781 -0.6441054984851852 -0.6452664774591101
11.35135135135135 -0.4146970085652769 -0.6441094840452347 -0.6452684242810549
11.37137137137137 -0.41470377058185237 -0.644113444730707 -0.6452703509053032
11.391391391391391 -0.41471054388972406 -0.6441173807204357 -0.6452722576120449
11.411411411411411 -0.41471732850720217 -0.6441212921921159 -0.6452741446768578
11.431431431431431 -0.41472412445259016 -0.6441251793223064 -0.645276012370788
11.451451451451451 -0.4147309317441835 -0.6441290422864371 -0.6452778609604297
11.471471471471471 -0.414737750400271 -0.6441328812588115 -0.6452796907080007
11.491491491491491 -0.41474458043913404 -0.6441366964126141 -0.6452815018714214
11.511511511511511 -0.4147514218790475 -0.6441404879199132 -0.6452832947043871
11.531531531531531 -0.41475827473827975 -0.6441442559516662 -0.6452850694564428
11.551551551551551 -0.414765139035093 -0.644148000677726 -0.6452868263730557
11.571571571571571 -0.4147720147877434 -0.6441517222668443 -0.6452885656956862
11.591591591591591 -0.41477890201448153 -0.6441554208866772 -0.6452902876618569
11.611611611611611 -0.4147858007335518 -0.6441590967037902 -0.6452919925052227
11.631631631631631 -0.4147927109631941 -0.644162749883663 -0.6452936804556372
11.651651651651651 -0.41479963272164244 -0.6441663805906946 -0.6452953517392187
11.671671671671671 -0.41480656602712657 -0.6441699889882075 -0.6452970065784165
11.691691691691691 -0.4148135108978709 -0.6441735752384545 -0.6452986451920741
11.711711711711711 -0.41482046735209555 -0.6441771395026213 -0.6453002677954918
11.731731731731731 -0.4148274354080163 -0.6441806819408337 -0.645301874600489
11.751751751751751 -0.4148344150838447 -0.6441842027121606 -0.6453034658154655
11.771771771771771 -0.4148414063977888 -0.6441877019746205 -0.6453050416454592
11.791791791791791 -0.41484840936805206 -0.6441911798851858 -0.6453066022922064
11.811811811811811 -0.41485542401283504 -0.644194636599788 -0.6453081479541989
11.831831831831831 -0.41486245035033426 -0.644198072273322 -0.6453096788267403
11.851851851851851 -0.41486948839874305 -0.6442014870596526 -0.6453111951020017
11.871871871871871 -0.41487653817625225 -0.644204881111618 -0.645312696969076
11.891891891891891 -0.41488359970104927 -0.6442082545810349 -0.6453141846140323
11.911911911911911 -0.41489067299131843 -0.6442116076187048 -0.6453156582199684
11.931931931931931 -0.4148977580652417 -0.6442149403744175 -0.6453171179670607
11.951951951951951 -0.41490485494099894 -0.6442182529969578 -0.645318564032618
11.971971971971971 -0.41491196363676724 -0.6442215456341073 -0.6453199965911294
11.991991991991991 -0.41491908417072126 -0.6442248184326537 -0.645321415814314
12.012012012012011 -0.4149262165610341 -0.6442280715383925 -0.6453228218711693
12.032032032032031 -0.4149333608258765 -0.644231305096133 -0.645324214928018
12.052052052052051 -0.414940516983418 -0.6442345192497041 -0.6453255951485547
12.072072072072071 -0.4149476850518256 -0.6442377141419575 -0.6453269626938918
12.092092092092091 -0.41495486504926565 -0.6442408899147746 -0.6453283177226043
12.112112112112111 -0.4149620569939024 -0.6442440467090703 -0.645329660390774
12.132132132132131 -0.41496926090389935 -0.6442471846647982 -0.645330990852032
12.152152152152151 -0.41497647679741795 -0.6442503039209556 -0.6453323092576028
12.172172172172171 -0.41498370469262 -0.6442534046155892 -0.6453336157563444
12.192192192192191 -0.4149909446076649 -0.6442564868857986 -0.6453349104947903
12.212212212212211 -0.41499819656071213 -0.6442595508677421 -0.6453361936171896
12.232232232232231 -0.4150054605699197 -0.6442625966966423 -0.6453374652655466
12.252252252252251 -0.41501273665344596 -0.6442656245067888 -0.6453387255796599
12.272272272272271 -0.415020024829448 -0.6442686344315476 -0.64533997469716
12.292292292292291 -0.4150273251160822 -0.6442716266033596 -0.645341212753547
12.312312312312311 -0.4150346375315055 -0.6442746011537515 -0.6453424398822285
12.332332332332332 -0.4150419620938739 -0.6442775582133379 -0.6453436562145545
12.352352352352352 -0.4150492988213435 -0.6442804979118261 -0.6453448618798531
12.372372372372372 -0.41505664773207035 -0.6442834203780211 -0.6453460570054662
12.392392392392392 -0.41506400884421 -0.6442863257398331 -0.6453472417167833
12.412412412412412 -0.4150713821759192 -0.6442892141242778 -0.6453484161372749
12.432432432432432 -0.4150787677453536 -0.644292085657485 -0.6453495803885263
12.452452452452452 -0.41508616557066974 -0.6442949404647018 -0.6453507345902697
12.472472472472472 -0.4150935756700246 -0.6442977786702982 -0.6453518788604159
12.492492492492492 -0.41510099806157513 -0.6443006003977718 -0.6453530133150862
12.512512512512512 -0.4151084327634793 -0.6443034057697523 -0.6453541380686425
12.532532532532532 -0.41511587979389464 -0.644306194908006 -0.6453552532337186
12.552552552552552 -0.41512333917098043 -0.6443089679334423 -0.6453563589212484
12.572572572572572 -0.4151308109128959 -0.644311724966117 -0.6453574552404968
12.592592592592592 -0.4151382950378013 -0.6443144661252379 -0.645358542299087
12.612612612612612 -0.4151457915638571 -0.6443171915291687 -0.6453596202030292
12.632632632632632 -0.4151533005092255 -0.6443199012954346 -0.6453606890567484
12.652652652652652 -0.4151608218920689 -0.6443225955407271 -0.6453617489631107
12.672672672672672 -0.4151683557305505 -0.6443252743809089 -0.6453628000234517
12.692692692692692 -0.4151759020428353 -0.6443279379310177 -0.6453638423376005
12.712712712712712 -0.41518346084708857 -0.6443305863052716 -0.6453648760039069
12.732732732732732 -0.415191032161477 -0.6443332196170746 -0.6453659011192664
12.752752752752752 -0.41519861600416846 -0.6443358379790206 -0.6453669177791451
12.772772772772772 -0.4152062123933316 -0.6443384415028969 -0.6453679260776031
12.792792792792792 -0.4152138213471365 -0.6443410302996913 -0.64536892610732
12.812812812812812 -0.4152214428837552 -0.644343604479595 -0.6453699179596171
12.832832832832834 -0.41522907702135936 -0.6443461641520093 -0.645370901724481
12.852852852852854 -0.4152367237781236 -0.6443487094255469 -0.6453718774905862
12.872872872872874 -0.4152443831722229 -0.6443512404080399 -0.6453728453453179
12.892892892892894 -0.4152520552218338 -0.6443537572065433 -0.6453738053747932
12.912912912912914 -0.4152597399451349 -0.6443562599273384 -0.645374757663882
12.932932932932934 -0.4152674373603054 -0.6443587486759392 -0.64537570229623
12.952952952952954 -0.41527514748552596 -0.6443612235570969 -0.6453766393542771
12.972972972972974 -0.4152828703389795 -0.644363684674803 -0.6453775689192808
12.992992992992994 -0.41529060593884953 -0.6443661321322943 -0.6453784910713317
13.013013013013014 -0.41529835430332146 -0.6443685660320598 -0.6453794058893786
13.033033033033034 -0.41530611545058277 -0.6443709864758422 -0.6453803134512425
13.053053053053054 -0.4153138893988214 -0.6443733935646436 -0.6453812138336391
13.073073073073074 -0.41532167616622784 -0.6443757873987304 -0.6453821071121967
13.093093093093094 -0.4153294757709939 -0.6443781680776377 -0.6453829933614731
13.113113113113114 -0.41533728823131216 -0.6443805357001736 -0.645383872654975
13.133133133133134 -0.4153451135653781 -0.6443828903644235 -0.6453847450651745
13.153153153153154 -0.4153529517913881 -0.644385232167754 -0.6453856106635282
13.173173173173174 -0.41536080292754 -0.6443875612068198 -0.6453864695204916
13.193193193193194 -0.4153686669920336 -0.644389877577566 -0.6453873217055383
13.213213213213214 -0.41537654400307056 -0.6443921813752315 -0.6453881672871745
13.233233233233234 -0.4153844339788534 -0.6443944726943563 -0.6453890063329561
13.253253253253254 -0.4153923369375869 -0.6443967516287846 -0.6453898389095049
13.273273273273274 -0.4154002528974772 -0.6443990182716687 -0.6453906650825224
13.293293293293294 -0.4154081818767323 -0.6444012727154734 -0.6453914849168073
13.313313313313314 -0.4154161238935612 -0.6444035150519807 -0.6453922984762688
13.333333333333334 -0.41542407896617534 -0.6444057453722948 -0.6453931058239419
13.353353353353354 -0.41543204711278736 -0.6444079637668453 -0.6453939070220023
13.373373373373374 -0.4154400283516114 -0.6444101703253917 -0.6453947021317793
13.393393393393394 -0.4154480227008632 -0.6444123651370278 -0.6453954912137714
13.413413413413414 -0.41545603017876026 -0.644414548290187 -0.6453962743276591
13.433433433433434 -0.4154640508035217 -0.6444167198726442 -0.6453970515323181
13.453453453453454 -0.41547208459336776 -0.6444188799715224 -0.6453978228858332
13.473473473473474 -0.4154801315665203 -0.6444210286732952 -0.6453985884455108
13.493493493493494 -0.41548819174120344 -0.6444231660637927 -0.6453993482678919
13.513513513513514 -0.41549626513564164 -0.6444252922282042 -0.6454001024087644
13.533533533533534 -0.4155043517680621 -0.6444274072510827 -0.6454008509231755
13.553553553553554 -0.4155124516566917 -0.6444295112163488 -0.6454015938654442
13.573573573573574 -0.4155205648197607 -0.6444316042072964 -0.6454023312891723
13.593593593593594 -0.41552869127549974 -0.6444336863065946 -0.6454030632472572
13.613613613613614 -0.41553683104214056 -0.6444357575962935 -0.6454037897919019
13.633633633633634 -0.41554498413791724 -0.6444378181578272 -0.6454045109746275
13.653653653653654 -0.4155531505810642 -0.6444398680720179 -0.6454052268462839
13.673673673673674 -0.41556133038981774 -0.6444419074190815 -0.6454059374570598
13.693693693693694 -0.41556952358241517 -0.6444439362786295 -0.6454066428564953
13.713713713713714 -0.41557773017709515 -0.6444459547296734 -0.6454073430934905
13.733733733733734 -0.4155859501920975 -0.6444479628506306 -0.6454080382163165
13.753753753753754 -0.41559418364566303 -0.6444499607193258 -0.6454087282726255
13.773773773773774 -0.4156024305560341 -0.6444519484129965 -0.6454094133094612
13.793793793793794 -0.41561069094145403 -0.6444539260082973 -0.6454100933732666
13.813813813813814 -0.4156189648201665 -0.6444558935813012 -0.6454107685098973
13.833833833833834 -0.41562725221041735 -0.6444578512075076 -0.6454114387646263
13.853853853853854 -0.4156355531304523 -0.6444597989618418 -0.6454121041821579
13.873873873873874 -0.41564386759851907 -0.6444617369186625 -0.6454127648066322
13.893893893893894 -0.41565219563286526 -0.6444636651517633 -0.6454134206816382
13.913913913913914 -0.41566053725173996 -0.6444655837343781 -0.6454140718502194
13.933933933933934 -0.4156688924733929 -0.6444674927391828 -0.6454147183548845
13.953953953953954 -0.41567726131607435 -0.6444693922383022 -0.6454153602376147
13.973973973973974 -0.41568564379803563 -0.64447128230331 -0.6454159975398721
13.993993993993994 -0.4156940399375283 -0.6444731630052369 -0.6454166303026088
14.014014014014014 -0.41570244975280485 -0.6444750344145694 -0.6454172585662733
14.034034034034034 -0.41571087326211825 -0.6444768966012582 -0.6454178823708203
14.054054054054054 -0.41571931048372235 -0.6444787496347179 -0.6454185017557169
14.074074074074074 -0.41572776143587054 -0.6444805935838345 -0.645419116759951
14.094094094094094 -0.4157362261368171 -0.6444824285169656 -0.6454197274220381
14.114114114114114 -0.41574470460481694 -0.6444842545019458 -0.6454203337800295
14.134134134134134 -0.4157531968581247 -0.6444860716060913 -0.6454209358715193
14.154154154154154 -0.41576170291499526 -0.6444878798962002 -0.6454215337336507
14.174174174174174 -0.4157702227936846 -0.6444896794385596 -0.6454221274031241
14.194194194194194 -0.41577875651244767 -0.6444914702989467 -0.6454227169162031
14.214214214214214 -0.41578730408954007 -0.6444932525426342 -0.6454233023087214
14.234234234234235 -0.41579586554321674 -0.6444950262343929 -0.6454238836160896
14.254254254254255 -0.4158044408917335 -0.6444967914384949 -0.6454244608733021
14.274274274274275 -0.41581303015334525 -0.6444985482187164 -0.6454250341149426
14.294294294294295 -0.4158216333463069 -0.6445002966383448 -0.6454256033751904
14.314314314314315 -0.4158302504888731 -0.6445020367601778 -0.6454261686878274
14.334334334334335 -0.41583888159929816 -0.6445037686465281 -0.6454267300862441
14.354354354354355 -0.41584752669583597 -0.6445054923592288 -0.6454272876034439
14.374374374374375 -0.41585618579673983 -0.6445072079596345 -0.6454278412720511
14.394394394394395 -0.4158648589202627 -0.6445089155086254 -0.6454283911243156
14.414414414414415 -0.4158735460846564 -0.6445106150666112 -0.6454289371921182
14.434434434434435 -0.4158822473081729 -0.6445123066935334 -0.6454294795069772
14.454454454454455 -0.41589096260906244 -0.6445139904488695 -0.6454300181000525
14.474474474474475 -0.415899692005575 -0.6445156663916369 -0.6454305530021527
14.494494494494495 -0.415908435515959 -0.6445173345803932 -0.6454310842437386
14.514514514514515 -0.4159171931584631 -0.6445189950732434 -0.6454316118549291
14.534534534534535 -0.4159259649513335 -0.6445206479278406 -0.6454321358655067
14.554554554554555 -0.4159347509128156 -0.6445222932013902 -0.645432656304922
14.574574574574575 -0.41594355106115416 -0.6445239309506523 -0.6454331732022983
14.594594594594595 -0.415952365414592 -0.6445255612319459 -0.6454336865864373
14.614614614614615 -0.4159611939913707 -0.6445271841011513 -0.6454341964858238
14.634634634634635 -0.41597003680973027 -0.6445287996137145 -0.6454347029286286
14.654654654654655 -0.41597889388790915 -0.6445304078246473 -0.6454352059427161
14.674674674674675 -0.41598776524414416 -0.6445320087885356 -0.6454357055556457
14.694694694694695 -0.4159966508966705 -0.6445336025595371 -0.6454362017946781
14.714714714714715 -0.41600555086372054 -0.6445351891913865 -0.6454366946867797
14.734734734734735 -0.4160144651635266 -0.6445367687374001 -0.6454371842586258
14.754754754754755 -0.41602339381431735 -0.6445383412504775 -0.6454376705366058
14.774774774774775 -0.4160323368343197 -0.6445399067831036 -0.6454381535468267
14.794794794794795 -0.416041294241759 -0.6445414653873536 -0.6454386333151173
14.814814814814815 -0.41605026605485745 -0.6445430171148943 -0.645439109867032
14.834834834834835 -0.41605925229183494 -0.6445445620169883 -0.6454395832278559
14.854854854854855 -0.41606825297090955 -0.6445461001444966 -0.6454400534226069
14.874874874874875 -0.41607726811029655 -0.6445476315478815 -0.6454405204760406
14.894894894894895 -0.41608629772820765 -0.6445491562772088 -0.6454409844126537
14.914914914914915 -0.4160953418428531 -0.6445506743821519 -0.6454414452566885
14.934934934934935 -0.41610440047243885 -0.6445521859119937 -0.645441903032134
14.954954954954955 -0.41611347363516915 -0.6445536909156305 -0.6454423577627327
14.974974974974975 -0.4161225613492445 -0.6445551894415743 -0.6454428094719826
14.994994994994995 -0.4161316636328625 -0.6445566815379545 -0.6454432581831396
15.015015015015015 -0.41614078050421666 -0.6445581672525235 -0.6454437039192225
15.035035035035035 -0.4161499119814985 -0.644559646632656 -0.6454441467030153
15.055055055055055 -0.41615905808289466 -0.6445611197253548 -0.6454445865570712
15.075075075075075 -0.416168218826589 -0.644562586577253 -0.6454450235037151
15.095095095095095 -0.4161773942307611 -0.6445640472346136 -0.6454454575650473
15.115115115115115 -0.41618658431358757 -0.6445655017433378 -0.6454458887629465
15.135135135135135 -0.41619578909324 -0.6445669501489621 -0.6454463171190723
15.155155155155155 -0.4162050085878869 -0.6445683924966656 -0.6454467426548687
15.175175175175175 -0.41621424281569197 -0.644569828831269 -0.6454471653915671
15.195195195195195 -0.4162234917948148 -0.6445712591972399 -0.6454475853501886
15.215215215215215 -0.416232755543411 -0.644572683638694 -0.6454480025515483
15.235235235235235 -0.416242034079631 -0.6445741021993981 -0.645448417016256
15.255255255255255 -0.416251327421621 -0.6445755149227733 -0.6454488287647203
15.275275275275275 -0.4162606355875227 -0.6445769218518971 -0.6454492378171511
15.295295295295295 -0.4162699585954724 -0.6445783230295045 -0.6454496441935625
15.315315315315315 -0.4162792964636019 -0.6445797184979941 -0.6454500479137749
15.335335335335335 -0.4162886492100377 -0.6445811082994277 -0.6454504489974174
15.355355355355355 -0.4162980168529011 -0.6445824924755331 -0.6454508474639312
15.375375375375375 -0.4163073994103084 -0.6445838710677073 -0.6454512433325718
15.395395395395395 -0.41631679690036993 -0.6445852441170208 -0.6454516366224107
15.415415415415415 -0.41632620934119063 -0.6445866116642153 -0.6454520273523381
15.435435435435435 -0.4163356367508704 -0.6445879737497106 -0.6454524155410668
15.455455455455455 -0.4163450791475016 -0.6445893304136061 -0.6454528012071321
15.475475475475475 -0.41635453654917304 -0.6445906816956813 -0.6454531843688956
15.495495495495495 -0.4163640089739655 -0.6445920276354001 -0.6454535650445477
15.515515515515515 -0.41637349643995436 -0.6445933682719132 -0.6454539432521081
15.535535535535535 -0.4163829989652089 -0.6445947036440587 -0.6454543190094304
15.555555555555555 -0.4163925165677914 -0.6445960337903665 -0.6454546923342018
15.575575575575575 -0.41640204926575775 -0.64459735874906 -0.6454550632439475
15.595595595595595 -0.41641159707715747 -0.6445986785580584 -0.6454554317560309
15.615615615615615 -0.4164211600200325 -0.6445999932549779 -0.6454557978876565
15.635635635635635 -0.4164307381124183 -0.6446013028771358 -0.6454561616558722
15.655655655655655 -0.41644033137234376 -0.6446026074615515 -0.6454565230775705
15.675675675675675 -0.4164499398178291 -0.6446039070449502 -0.6454568821694914
15.695695695695695 -0.41645956346688845 -0.6446052016637636 -0.6454572389482229
15.715715715715715 -0.4164692023375274 -0.6446064913541326 -0.645457593430205
15.735735735735735 -0.41647885644774496 -0.6446077761519103 -0.6454579456317291
15.755755755755755 -0.4164885258155316 -0.6446090560926628 -0.645458295568942
15.775775775775776 -0.4164982104588698 -0.6446103312116728 -0.6454586432578461
15.795795795795796 -0.416507910395734 -0.6446116015439416 -0.6454589887143025
15.815815815815816 -0.41651762564409106 -0.6446128671241899 -0.6454593319540313
15.835835835835836 -0.41652735622189846 -0.6446141279868615 -0.6454596729926144
15.855855855855856 -0.41653710214710626 -0.6446153841661246 -0.6454600118454975
15.875875875875876 -0.41654686343765457 -0.6446166356958747 -0.64546034852799
15.895895895895896 -0.41655664011147575 -0.6446178826097358 -0.6454606830552688
15.915915915915916 -0.41656643218649303 -0.6446191249410632 -0.6454610154423783
15.935935935935936 -0.41657623968061985 -0.6446203627229444 -0.6454613457042327
15.955955955955956 -0.416586062611761 -0.6446215959882036 -0.6454616738556178
15.975975975975976 -0.4165959009978123 -0.6446228247694004 -0.6454619999111912
15.995995995995996 -0.4166057548566588 -0.6446240490988351 -0.6454623238854861
16.016016016016017 -0.4166156242061768 -0.6446252690085488 -0.6454626457929102
16.036036036036037 -0.4166255090642323 -0.6446264845303252 -0.6454629656477497
16.056056056056057 -0.4166354094486817 -0.6446276956956943 -0.6454632834641681
16.076076076076077 -0.41664532537737076 -0.6446289025359326 -0.6454635992562102
16.096096096096097 -0.41665525686813504 -0.6446301050820664 -0.6454639130378014
16.116116116116117 -0.41666520393879963 -0.6446313033648725 -0.645464224822751
16.136136136136138 -0.41667516660717935 -0.6446324974148816 -0.6454645346247514
16.156156156156158 -0.41668514489107766 -0.6446336872623788 -0.6454648424573813
16.176176176176178 -0.4166951388082874 -0.6446348729374062 -0.6454651483341063
16.196196196196198 -0.41670514837659006 -0.6446360544697655 -0.6454654522682796
16.216216216216218 -0.41671517361375615 -0.6446372318890173 -0.6454657542731445
16.236236236236238 -0.4167252145375444 -0.6446384052244876 -0.6454660543618346
16.256256256256258 -0.41673527116570197 -0.6446395745052639 -0.6454663525473757
16.276276276276278 -0.4167453435159645 -0.6446407397602023 -0.6454666488426862
16.296296296296298 -0.4167554316060558 -0.6446419010179262 -0.6454669432605804
16.316316316316318 -0.41676553545368683 -0.644643058306828 -0.6454672358137664
16.336336336336338 -0.41677565507655695 -0.6446442116550736 -0.6454675265148497
16.356356356356358 -0.416785790492353 -0.644645361090602 -0.6454678153763339
16.376376376376378 -0.4167959417187491 -0.6446465066411259 -0.6454681024106215
16.396396396396398 -0.41680610877340624 -0.6446476483341371 -0.6454683876300152
16.416416416416418 -0.4168162916739729 -0.6446487861969058 -0.6454686710467177
16.436436436436438 -0.4168264904380843 -0.6446499202564827 -0.6454689526728363
16.456456456456458 -0.41683670508336257 -0.6446510505396998 -0.6454692325203797
16.476476476476478 -0.41684693562741576 -0.6446521770731748 -0.6454695106012621
16.496496496496498 -0.41685718208783884 -0.6446532998833102 -0.6454697869273026
16.516516516516518 -0.4168674444822129 -0.644654418996296 -0.6454700615102267
16.536536536536538 -0.4168777228281046 -0.644655534438112 -0.6454703343616679
16.556556556556558 -0.4168880171430665 -0.6446566462345275 -0.6454706054931675
16.576576576576578 -0.41689832744463745 -0.6446577544111056 -0.645470874916177
16.596596596596598 -0.4169086537503409 -0.6446588589932029 -0.6454711426420574
16.616616616616618 -0.4169189960776858 -0.6446599600059717 -0.6454714086820821
16.636636636636638 -0.41692935444416657 -0.6446610574743616 -0.6454716730474358
16.656656656656658 -0.4169397288672622 -0.6446621514231213 -0.6454719357492165
16.676676676676678 -0.4169501193644364 -0.6446632418768002 -0.6454721967984375
16.696696696696698 -0.4169605259531371 -0.6446643288597498 -0.6454724562060253
16.716716716716718 -0.4169709486507975 -0.6446654123961245 -0.6454727139828235
16.736736736736738 -0.4169813874748343 -0.644666492509885 -0.6454729701395924
16.756756756756758 -0.41699184244264775 -0.6446675692247987 -0.6454732246870092
16.776776776776778 -0.4170023135716226 -0.6446686425644406 -0.6454734776356701
16.796796796796798 -0.41701280087912684 -0.6446697125521968 -0.6454737289960907
16.816816816816818 -0.4170233043825121 -0.6446707792112633 -0.6454739787787064
16.836836836836838 -0.417033824099113 -0.6446718425646499 -0.6454742269938734
16.856856856856858 -0.41704436004624706 -0.6446729026351811 -0.6454744736518696
16.876876876876878 -0.4170549122412149 -0.6446739594454968 -0.6454747187628964
16.896896896896898 -0.4170654807012993 -0.6446750130180537 -0.6454749623370768
16.916916916916918 -0.4170760654437662 -0.6446760633751285 -0.6454752043844594
16.936936936936938 -0.41708666648586296 -0.6446771105388176 -0.6454754449150166
16.956956956956958 -0.4170972838448194 -0.6446781545310383 -0.6454756839386464
16.976976976976978 -0.41710791753784665 -0.6446791953735328 -0.645475921465174
16.996996996996998 -0.4171185675821385 -0.6446802330878658 -0.6454761575043504
17.017017017017018 -0.41712923399486884 -0.6446812676954289 -0.6454763920658552
17.037037037037038 -0.4171399167931938 -0.6446822992174424 -0.645476625159296
17.057057057057058 -0.4171506159942499 -0.6446833276749523 -0.6454768567942096
17.077077077077078 -0.41716133161515484 -0.6446843530888374 -0.6454770869800623
17.097097097097098 -0.41717206367300663 -0.6446853754798065 -0.6454773157262516
17.117117117117118 -0.41718281218488357 -0.6446863948684023 -0.6454775430421059
17.137137137137138 -0.4171935771678449 -0.644687411275 -0.6454777689368848
17.157157157157158 -0.41720435863892846 -0.6446884247198114 -0.6454779934197807
17.177177177177178 -0.41721515661515335 -0.6446894352228851 -0.6454782164999199
17.197197197197198 -0.417225971113517 -0.6446904428041084 -0.6454784381863612
17.217217217217218 -0.4172368021509969 -0.6446914474832066 -0.6454786584880983
17.237237237237238 -0.4172476497445493 -0.6446924492797461 -0.6454788774140601
17.25725725725726 -0.41725851391110935 -0.6446934482131367 -0.6454790949731105
17.27727727727728 -0.417269394667591 -0.6446944443026292 -0.6454793111740504
17.2972972972973 -0.41728029203088657 -0.6446954375673211 -0.6454795260256169
17.31731731731732 -0.4172912060178668 -0.644696428026154 -0.6454797395364843
17.33733733733734 -0.4173021366453802 -0.6446974156979179 -0.6454799517152653
17.35735735735736 -0.41731308393025357 -0.6446984006012497 -0.645480162570511
17.37737737737738 -0.41732404788929034 -0.6446993827546373 -0.6454803721107115
17.3973973973974 -0.4173350285392725 -0.6447003621764179 -0.6454805803442962
17.41741741741742 -0.4173460258969582 -0.6447013388847815 -0.6454807872796353
17.43743743743744 -0.4173570399790827 -0.6447023128977709 -0.6454809929250394
17.45745745745746 -0.41736807080235877 -0.6447032842332833 -0.6454811972887603
17.47747747747748 -0.41737911838347413 -0.644704252909071 -0.6454814003789915
17.4974974974975 -0.4173901827390943 -0.6447052189427439 -0.645481602203869
17.51751751751752 -0.41740126388585974 -0.6447061823517688 -0.645481802771472
17.53753753753754 -0.417412361840387 -0.6447071431534714 -0.6454820020898219
17.55755755755756 -0.4174234766192683 -0.6447081013650388 -0.6454822001668851
17.57757757757758 -0.4174346082390708 -0.6447090570035172 -0.6454823970105712
17.5975975975976 -0.4174457567163375 -0.644710010085817 -0.6454825926287362
17.61761761761762 -0.4174569220675852 -0.6447109606287118 -0.6454827870291798
17.63763763763764 -0.417468104309306 -0.6447119086488386 -0.645482980219648
17.65765765765766 -0.4174793034579662 -0.6447128541627017 -0.6454831722078337
17.67767767767768 -0.41749051953000627 -0.6447137971866709 -0.6454833630013752
17.6976976976977 -0.4175017525418405 -0.6447147377369847 -0.6454835526078593
17.71771771771772 -0.41751300250985673 -0.6447156758297504 -0.6454837410348201
17.73773773773774 -0.4175242694504165 -0.6447166114809438 -0.6454839282897387
17.75775775775776 -0.4175355533798544 -0.6447175447064151 -0.645484114380046
17.77777777777778 -0.41754685431447747 -0.6447184755218832 -0.6454842993131217
17.7977977977978 -0.4175581722705661 -0.6447194039429419 -0.6454844830962944
17.81781781781782 -0.417569507264373 -0.6447203299850587 -0.645484665736842
17.83783783783784 -0.41758085931212263 -0.6447212536635761 -0.6454848472419946
17.85785785785786 -0.41759222843001187 -0.6447221749937142 -0.645485027618931
17.87787787787788 -0.41760361463420914 -0.6447230939905683 -0.6454852068747822
17.8978978978979 -0.4176150179408541 -0.6447240106691134 -0.6454853850166297
17.91791791791792 -0.41762643836605773 -0.644724925044203 -0.6454855620515079
17.93793793793794 -0.4176378759259021 -0.644725837130571 -0.6454857379864032
17.95795795795796 -0.41764933063643966 -0.6447267469428327 -0.645485912828254
17.97797797797798 -0.41766080251369364 -0.6447276544954853 -0.6454860865839529
17.997997997998 -0.41767229157365693 -0.6447285598029089 -0.6454862592603452
18.01801801801802 -0.41768379783229337 -0.6447294628793686 -0.6454864308642304
18.03803803803804 -0.41769532130553505 -0.6447303637390138 -0.6454866014023615
18.05805805805806 -0.41770686200928453 -0.6447312623958792 -0.6454867708814472
18.07807807807808 -0.41771841995941306 -0.6447321588638876 -0.6454869393081503
18.0980980980981 -0.4177299951717607 -0.6447330531568498 -0.6454871066890892
18.11811811811812 -0.4177415876621364 -0.644733945288464 -0.6454872730308383
18.13813813813814 -0.41775319744631745 -0.6447348352723189 -0.6454874383399273
18.15815815815816 -0.4177648245400491 -0.6447357231218934 -0.645487602622843
18.17817817817818 -0.41777646895904424 -0.6447366088505583 -0.6454877658860286
18.1981981981982 -0.4177881307189836 -0.6447374924715767 -0.6454879281358843
18.21821821821822 -0.4177998098355151 -0.644738373998104 -0.6454880893787682
18.23823823823824 -0.41781150632425396 -0.644739253443191 -0.6454882496209958
18.25825825825826 -0.4178232202007814 -0.6447401308197823 -0.6454884088688406
18.27827827827828 -0.417834951480646 -0.6447410061407195 -0.6454885671285346
18.2982982982983 -0.4178467001793619 -0.6447418794187396 -0.6454887244062689
18.31831831831832 -0.41785846631240936 -0.6447427506664781 -0.645488880708193
18.33833833833834 -0.41787024989523486 -0.6447436198964687 -0.6454890360404162
18.35835835835836 -0.4178820509432493 -0.644744487121143 -0.6454891904090081
18.37837837837838 -0.41789386947182894 -0.6447453523528349 -0.6454893438199969
18.3983983983984 -0.41790570549631534 -0.6447462156037774 -0.6454894962793724
18.41841841841842 -0.41791755903201455 -0.6447470768861058 -0.6454896477930845
18.43843843843844 -0.4179294300941962 -0.6447479362118572 -0.6454897983670443
18.45845845845846 -0.4179413186980945 -0.6447487935929737 -0.6454899480071238
18.47847847847848 -0.41795322485890735 -0.6447496490412994 -0.6454900967191567
18.4984984984985 -0.4179651485917955 -0.644750502568584 -0.6454902445089384
18.51851851851852 -0.4179770899118838 -0.6447513541864835 -0.6454903913822267
18.53853853853854 -0.4179890488342593 -0.6447522039065599 -0.6454905373447417
18.55855855855856 -0.4180010253739714 -0.6447530517402812 -0.645490682402166
18.57857857857858 -0.4180130195460322 -0.6447538976990247 -0.6454908265601457
18.5985985985986 -0.41802503136541574 -0.6447547417940769 -0.6454909698242894
18.61861861861862 -0.41803706084705744 -0.6447555840366319 -0.6454911122001697
18.63863863863864 -0.4180491080058547 -0.6447564244377955 -0.6454912536933232
18.65865865865866 -0.4180611728566652 -0.6447572630085834 -0.6454913943092497
18.67867867867868 -0.4180732554143084 -0.6447580997599238 -0.6454915340534143
18.6986986986987 -0.41808535569356287 -0.6447589347026568 -0.6454916729312465
18.71871871871872 -0.4180974737091693 -0.6447597678475363 -0.6454918109481402
18.73873873873874 -0.4181096094758266 -0.6447605992052284 -0.6454919481094545
18.75875875875876 -0.4181217630081944 -0.6447614287863157 -0.6454920844205149
18.77877877877878 -0.41813393432089074 -0.6447622566012949 -0.6454922198866109
18.7987987987988 -0.4181461234284933 -0.6447630826605785 -0.645492354512999
18.81881881881882 -0.41815833034553823 -0.6447639069744964 -0.6454924883049019
18.83883883883884 -0.4181705550865204 -0.6447647295532952 -0.645492621267508
18.85885885885886 -0.4181827976658922 -0.64476555040714 -0.6454927534059728
18.87887887887888 -0.41819505809806456 -0.6447663695461142 -0.6454928847254189
18.8988988988989 -0.41820733639740526 -0.6447671869802202 -0.6454930152309349
18.91891891891892 -0.4182196325782394 -0.6447680027193813 -0.6454931449275781
18.93893893893894 -0.4182319466548492 -0.6447688167734407 -0.645493273820373
18.95895895895896 -0.41824427864147296 -0.6447696291521637 -0.6454934019143111
18.97897897897898 -0.4182566285523059 -0.6447704398652366 -0.6454935292143533
18.998998998999 -0.4182689964014989 -0.6447712489222691 -0.6454936557254277
19.01901901901902 -0.4182813822031578 -0.644772056332794 -0.6454937814524314
19.03903903903904 -0.4182937859713448 -0.644772862106267 -0.64549390640023
19.05905905905906 -0.41830620772007615 -0.6447736662520701 -0.6454940305736582
19.07907907907908 -0.41831864746332376 -0.644774468779509 -0.6454941539775203
19.0990990990991 -0.418331105215013 -0.6447752696978161 -0.6454942766165886
19.11911911911912 -0.4183435809890233 -0.6447760690161494 -0.6454943984956071
19.13913913913914 -0.4183560747991886 -0.6447768667435941 -0.6454945196192877
19.15915915915916 -0.41836858665929555 -0.6447776628891639 -0.6454946399923139
19.17917917917918 -0.41838111658308347 -0.6447784574617986 -0.645494759619338
19.1991991991992 -0.41839366458424565 -0.6447792504703691 -0.6454948785049837
19.21921921921922 -0.4184062306764266 -0.6447800419236746 -0.6454949966538449
19.23923923923924 -0.41841881487322374 -0.6447808318304434 -0.645495114070487
19.25925925925926 -0.4184314171881856 -0.644781620199336 -0.645495230759446
19.27927927927928 -0.4184440376348124 -0.6447824070389426 -0.645495346725229
19.2992992992993 -0.4184566762265554 -0.6447831923577861 -0.6454954619723151
19.31931931931932 -0.41846933297681693 -0.6447839761643209 -0.6454955765051547
19.33933933933934 -0.41848200789894885 -0.6447847584669348 -0.6454956903281699
19.35935935935936 -0.4184947010062542 -0.6447855392739481 -0.6454958034457554
19.37937937937938 -0.41850741231198507 -0.6447863185936162 -0.6454959158622781
19.3993993993994 -0.41852014182934316 -0.6447870964341279 -0.6454960275820767
19.41941941941942 -0.4185328895714791 -0.6447878728036073 -0.6454961386094633
19.43943943943944 -0.4185456555514926 -0.644788647710114 -0.6454962489487225
19.45945945945946 -0.41855843978243107 -0.6447894211616443 -0.6454963586041117
19.47947947947948 -0.4185712422772907 -0.6447901931661298 -0.6454964675798619
19.4994994994995 -0.41858406304901535 -0.6447909637314406 -0.6454965758801772
19.51951951951952 -0.4185969021104954 -0.6447917328653837 -0.6454966835092357
19.53953953953954 -0.4186097594745691 -0.6447925005757043 -0.6454967904711886
19.55955955955956 -0.4186226351540209 -0.6447932668700859 -0.6454968967701611
19.57957957957958 -0.41863552916158175 -0.644794031756152 -0.645497002410253
19.5995995995996 -0.41864844150992847 -0.6447947952414653 -0.6454971073955381
19.61961961961962 -0.41866137221168404 -0.6447955573335289 -0.6454972117300648
19.63963963963964 -0.41867432127941545 -0.6447963180397859 -0.6454973154178556
19.65965965965966 -0.41868728872563554 -0.6447970773676217 -0.6454974184629084
19.67967967967968 -0.4187002745628019 -0.6447978353243622 -0.6454975208691957
19.6996996996997 -0.41871327880331544 -0.644798591917276 -0.6454976226406653
19.71971971971972 -0.41872630145952133 -0.6447993471535743 -0.6454977237812398
19.73973973973974 -0.4187393425437087 -0.6448001010404117 -0.6454978242948187
19.75975975975976 -0.418752402068109 -0.6448008535848857 -0.6454979241852752
19.77977977977978 -0.41876548004489655 -0.6448016047940384 -0.6454980234564595
19.7997997997998 -0.4187785764861889 -0.6448023546748554 -0.6454981221121975
19.81981981981982 -0.4187916914040443 -0.6448031032342684 -0.6454982201562909
19.83983983983984 -0.4188048248104639 -0.6448038504791547 -0.6454983175925182
19.85985985985986 -0.41881797671738963 -0.6448045964163358 -0.6454984144246341
19.87987987987988 -0.4188311471367038 -0.6448053410525809 -0.6454985106563698
19.8998998998999 -0.4188443360802303 -0.6448060843946057 -0.6454986062914329
19.91991991991992 -0.41885754355973254 -0.6448068264490728 -0.6454987013335087
19.93993993993994 -0.41887076958691394 -0.6448075672225926 -0.6454987957862587
19.95995995995996 -0.41888401417341736 -0.6448083067217242 -0.6454988896533224
19.97997997997998 -0.4188972773308248 -0.6448090449529738 -0.6454989829383158
20.0 -0.41891055907065694 -0.6448097819227971 -0.6454990756448333
