0.0 0.6232178826356638 0.41790130711405976 0.06656360293684424
0.20161290322580644 0.6547004948822897 0.4774490129224194 0.08809850933606816
0.4032258064516129 0.6780697861534803 0.5364944173090853 0.11278420628845352
0.6048387096774193 0.6954985930708807 0.59177407346344 0.14025844483939479
0.8064516129032258 0.708925362967187 0.640584765759158 0.17011851531276287
1.0080645161290323 0.7195242207919293 0.6818818437227447 0.20195019986200483
1.2096774193548385 0.7280306422935868 0.7159304768642282 0.23535105942514636
1.411290322580645 0.734942166302206 0.7436245649922559 0.26994741049698606
1.6129032258064515 0.7406157391170964 0.7660642186745311 0.3054002478844814
1.814516129032258 0.7453174767816597 0.7843025114337722 0.3414004888206267
2.0161290322580645 0.7492506229033166 0.7992361343221832 0.3776602703416321
2.217741935483871 0.7525727609172731 0.8115880666013489 0.41391049037104216
2.419354838709677 0.7554072580137672 0.8219262369847199 0.4499137948915003
2.6209677419354835 0.7578513352875675 0.8306911665976873 0.485485207762389
2.82258064516129 0.7599819983130262 0.8382226230643668 0.5204526168531917
3.0241935483870965 0.7618605123237493 0.8447822205769601 0.5544851589323833
3.225806451612903 0.7635358322800698 0.8505715205326652 0.5870091252423216
3.4274193548387095 0.765047254168494 0.855746115718602 0.6174214552170233
3.629032258064516 0.7664264729389281 0.860426428132725 0.6452938015069226
3.8306451612903225 0.7676991830531099 0.864705931100526 0.6703948520462463
4.032258064516129 0.7688863247004945 0.8686573977514284 0.6926374644542759
4.233870967741935 0.7700050551451535 0.8723376543367354 0.7120088610256365
4.435483870967742 0.7710695068837572 0.8757912062206386 0.7284838226203294
4.637096774193548 0.7720913805144933 0.8790530143611814 0.7420500028256004
4.838709677419354 0.7730804094195867 0.8821506302775206 0.7529201988169567
5.040322580645161 0.774044724893755 0.8851058447070432 0.7615289486400878
5.241935483870967 0.7749911437310543 0.8879359657797902 0.7684159553957809
5.443548387096774 0.7759253951387864 0.8906548133660576 0.7741787271753484
5.64516129032258 0.7768522998753274 0.8932734946954415 0.7794080045118502
5.846774193548387 0.7777759114607423 0.8958010104116659 0.7845952264967133
6.048387096774193 0.7786996269846073 0.898244728427243 0.7900638195076075
6.25 0.7796262732757901 0.9006107541750603 0.795962492467788
6.451612903225806 0.780558172880545 0.9029042193132261 0.8023082624778267
6.653225806451612 0.7814971933245914 0.9051295060340537 0.8090421733147943
6.854838709677419 0.7824447824418976 0.9072904204251876 0.8160729093689201
7.056451612903225 0.7834019920868889 0.9093903255132341 0.8233029839554629
7.258064516129032 0.7843694922702599 0.9114322424548171 0.8306416978275922
7.459677419354838 0.7853475776427751 0.9134189266560304 0.8380103062358296
7.661290322580645 0.7863361682709534 0.915352924274027 0.8453432215281963
7.862903225806451 0.7873348067760078 0.9172366134936755 0.8525873993448478
8.064516129032258 0.7883426541083483 0.9190722341130424 0.8597009802998633
8.266129032258064 0.7893584864582724 0.9208619082680483 0.8666516924969182
8.46774193548387 0.7903806959989963 0.9226076545466162 0.8734152523091759
8.669354838709676 0.7914072982477359 0.9243113972631991 0.8799738789535938
8.870967741935484 0.7924359487337894 0.9259749722692922 0.8863149792771673
9.07258064516129 0.7934639713045019 0.9276001303519754 0.8924300251153887
9.274193548387096 0.7944883997282054 0.9291885390107297 0.8983136227557427
9.475806451612902 0.7955060332586611 0.930741783194156 0.9039627589578799
9.677419354838708 0.7965135055597952 0.9322613654151196 0.9093762001961487
9.879032258064516 0.7975073649725423 0.9337487055380042 0.9145540205538946
10.080645161290322 0.7984841627169783 0.9352051404386813 0.9194972370801423
10.282258064516128 0.7994405444739483 0.9366319236703803 0.9242075367544325
10.483870967741934 0.8003733400813234 0.9380302252215802 0.9286870840153236
10.685483870967742 0.8012796459522881 0.9394011314208237 0.9329384005285025
10.887096774193548 0.802156895321407 0.9407456450243984 0.936964309101189
11.088709677419354 0.8030029124820612 0.9420646855137377 0.9407679319529367
11.29032258064516 0.8038159486311921 0.9433590896293491 0.9443527310130191
11.491935483870966 0.8045946985596273 0.9446296121785577 0.9477225756787719
11.693548387096774 0.8053382989845103 0.945876927180964 0.9508818224131909
11.89516129032258 0.8060463106186906 0.94710162947132 0.9538353911225074
12.096774193548386 0.806718686984576 0.9483042369927942 0.9565888254254412
12.298387096774192 0.8073557334617335 0.9494851942431223 0.9591483273393262
12.5 0.8079580601352756 0.9506448778049401 0.9615207609887126
12.701612903225806 0.8085265317629293 0.9517836058537991 0.9637136240578621
12.903225806451612 0.809062217704728 0.9529016555009011 0.9657349893032257
13.104838709677418 0.8095663440644606 0.9539992956908891 0.9675934211223689
13.306451612903224 0.8100402496662387 0.9550768500690204 0.9692978737545528
13.508064516129032 0.8104853469000619 0.9561348109058646 0.9708575781822242
13.709677419354838 0.8109030879598675 0.957174005823769 0.9722819243988616
13.911290322580644 0.811294936587381 0.9581956692102997 0.9735803447045358
14.11290322580645 0.8116623451291217 0.9592008578227276 0.9747622024229609
14.314516129032258 0.8120067365049266 0.9601887033935521 0.9758366892033267
14.516129032258064 0.8123294905603681 0.9611552414714739 0.9768127330789412
14.71774193548387 0.8126319342159021 0.9620953367255943 0.9776989187710079
14.919354838709676 0.812915334815867 0.9630054847705624 0.9785034212921322
15.120967741935482 0.8131808961055639 0.9638845281160084 0.9792339535850222
15.32258064516129 0.8134297563120155 0.9647329397917569 0.9798977285860017
15.524193548387096 0.8136629878636266 0.9655519923861162 0.9805014356467444
15.725806451612902 0.8138815983485184 0.9663432286684291 0.981051230683981
15.927419354838708 0.8140865323754413 0.967108195566392 0.9815527388319291
16.129032258064516 0.8142786740615688 0.9678483323016311 0.9820110678527505
16.33064516129032 0.8144588499260503 0.9685649348352223 0.9824308302075546
16.532258064516128 0.8146278320159706 0.9692591540961045 0.9828161715497093
16.733870967741936 0.8147863411321618 0.9699320075408826 0.9831708034674458
16.93548387096774 0.814935050056227 0.9705843949749767 0.9834980385288894
17.137096774193548 0.8150745867078761 0.9712171148479193 0.9838008260073404
17.338709677419352 0.8152055371838118 0.9718308795347493 0.9840817870266052
17.54032258064516 0.8153284486467202 0.9724263290828572 0.9843432482173171
17.741935483870968 0.8154438320462322 0.9730040433079993 0.9845872732849242
17.943548387096772 0.8155521646636388 0.9735645522947598 0.9848156921436062
18.14516129032258 0.8156538924793707 0.9741083454342054 0.985030127465405
18.346774193548384 0.8157494323673241 0.9746358791823937 0.9852320186350494
18.548387096774192 0.8158391741234805 0.975147583814816 0.9854226431970602
18.75 0.81592348233839 0.9756438697719966 0.9856031359421794
18.951612903225804 0.816002698124202 0.9761251355779854 0.9857745058140097
19.153225806451612 0.8160771407073617 0.9765917863861896 0.9859376508315818
19.354838709677416 0.8161471088980405 0.9770443167399512 0.9860933712254454
19.556451612903224 0.8162128824469537 0.977483897192927 0.9862423809783836
19.758064516129032 0.816274723299613 0.977918172101712 0.9863853179503841
19.959677419354836 0.8163328767573342 0.9783488943431327 0.9865227527532925
20.161290322580644 0.8163875725535163 0.9787687144650781 0.986655196525354
20.362903225806452 0.8164390258529127 0.9791774430344394 0.9867831077405105
20.564516129032256 0.8164874381808532 0.9795752859996996 0.9869068981726301
20.766129032258064 0.8165329982886166 0.9799766151428917 0.9870269381210692
20.96774193548387 0.8165758829605081 0.9804113986632506 0.9871435609913691
21.169354838709676 0.8166162577675556 0.9808061098826322 0.9872570673134593
21.370967741935484 0.8166542777721975 0.9811603684898433 0.9873677282695517
21.57258064516129 0.8166900881878619 0.9815789320091655 0.9874757887948172
21.774193548387096 0.8167238249968775 0.9818892852553108 0.9875814703059118
21.9758064516129 0.816755615529803 0.9822554706453784 0.9876849731053773
22.177419354838708 0.8167855790089307 0.9826161765109962 0.9877864785037204
22.379032258064516 0.8168138270584335 0.9829616464258348 0.9878861506955706
22.58064516129032 0.8168404641833819 0.9833167360748436 0.9879841384215574
22.782258064516128 0.816865588219648 0.9836146169476656 0.9880805764434172
22.983870967741932 0.8168892907565352 0.983936651955543 0.9881755868562153
23.18548387096774 0.8169116575338027 0.9842461453132748 0.9882692802584332
23.387096774193548 0.8169327688146373 0.9844964884698256 0.9883617567979047
23.588709677419352 0.8169526997359874 0.9847672934196666 0.988453107109226
23.79032258064516 0.8169715206375874 0.9850290191651738 0.9885434131561518
23.991935483870968 0.816989297370901 0.9852690010591576 0.9886327489907079
24.193548387096772 0.8170060915891262 0.985497219742332 0.9887211814391658
24.39516129032258 0.8170219610193573 0.98571324969691 0.9888087707236609
24.596774193548384 0.817036959717903 0.985917665140816 0.9888955710270698
24.798387096774192 0.8170511383097298 0.9861111322084716 0.9889816310076942
25.0 0.8170645442129234 0.9862942965877977 0.9890669942694655
