0.0 0.5275905573789847 0.16451905538209363 0.0009546431136237514
0.20134228187919462 0.5460265265296216 0.17799371092245378 0.003186523156008809
0.40268456375838924 0.560807471658775 0.19203715818101438 0.0012936955755422346
0.6040268456375839 0.5724920492718514 0.20669737662132467 0.0011550228728469628
0.8053691275167785 0.5816838411275113 0.22199386494960774 0.0011263317714914145
1.006711409395973 0.5889083465066464 0.2379107613072232 0.0013100010960448766
1.2080536912751678 0.5945934703632576 0.25440112738398907 5.988230931664593e-05
1.4093959731543624 0.5990799813519544 0.27139439523782094 0.001863667320432501
1.610738255033557 0.6026371594804711 0.28880406295773675 0.007016506999722885
1.8120805369127515 0.6054774486017896 0.3065351601457012 0.006953039536414586
2.013422818791946 0.6077689889660639 0.32449186184466816 0.002497289986148502
2.2147651006711406 0.6096461960100619 0.3425851969143447 0.01509065864175781
2.4161073825503356 0.6112188796070805 0.36073952010745425 0.00032629030651277953
2.61744966442953 0.6125801230450684 0.3788952393161291 0.0026297464415468708
2.8187919463087248 0.6138103993953695 0.3970054153987124 0.006830526553722879
3.0201342281879193 0.614967080657665 0.41502592614257067 0.007026306393003091
3.221476510067114 0.6160627785815451 0.4329022320109346 0.0004294641411560615
3.4228187919463084 0.617086203093371 0.450558603318788 0.0003246066048658781
3.624161073825503 0.6180384219098242 0.4678958232188606 0.008912419953580032
3.8255033557046976 0.6189317334527248 0.48479949704231173 0.015258971044304582
4.026845637583892 0.619780137994848 0.5011549462997898 0.0007591604534263551
4.228187919463087 0.6205955376633916 0.5168615112772179 0.04204563048273906
4.429530201342281 0.6213871328797824 0.5318416782024168 0.00956997298543821
4.630872483221476 0.6221617880977867 0.5460450224957144 0.0009047398525599311
4.832214765100671 0.622924559768505 0.5594491373364778 6.51688238615586e-05
5.033557046979865 0.6236791562386034 0.5720593583311533 0.0014308948178823723
5.23489932885906 0.6244282881810622 0.5839078594475873 0.0007638439052406672
5.4362416107382545 0.6251739224466125 0.5950515972926633 3.980230481469356e-05
5.6375838926174495 0.6259174627940791 0.6055680681769553 0.002023984838906338
5.838926174496644 0.6266598786303597 0.6155481021046344 0.0005445498692654069
6.040268456375839 0.6274017978422907 0.6250858401905544 0.002199207377447792
6.241610738255033 0.6281435751280716 0.6342672558072847 0.00046429232720932744
6.442953020134228 0.6288853436397588 0.6431596585580328 0.0019250366364304196
6.644295302013423 0.6296270551860879 0.6518051749285738 0.005714709606392832
6.845637583892617 0.6303685124886887 0.6602207059501335 0.0022827237368043866
7.046979865771812 0.6311093958067333 0.6684048314311255 0.0008064602741586574
7.248322147651006 0.6318492854643617 0.6763488382402424 8.908020599797836e-06
7.449664429530201 0.6325876813011825 0.6840462237421827 0.00022443463537239912
7.651006711409395 0.6333240197285007 0.6914967458332129 0.0002767228146474239
7.85234899328859 0.6340576888520165 0.6987063810716019 0.033812167621579244
8.053691275167784 0.6347880419755063 0.7056856867831963 0.018022909376598003
8.25503355704698 0.6355144097031701 0.7124475499318235 0.0009659857527510178
8.456375838926174 0.6362361107939459 0.7190046630206594 8.026023756928206e-05
8.657718120805368 0.6369524618781363 0.7253670351481417 0.0001805039014790266
8.859060402684563 0.6376627861180487 0.7315398900400802 0.006009330442620242
9.060402684563758 0.6383664208755088 0.7375223066954928 0.014963970865450506
9.261744966442953 0.6390627244370007 0.7433068977477719 0.00022941819987665912
9.463087248322147 0.639751081839878 0.7488806684668529 5.646763601481609e-05
9.664429530201343 0.6404309098392217 0.7542269558828348 0.0024325961848958647
9.865771812080537 0.6411016610535323 0.7593280731166976 0.003089479549771297
10.06711409395973 0.6417628273277832 0.7641680892213157 0.003384712191957298
10.268456375838925 0.642413942353943 0.7687351586320913 0.0010425101357805892
10.46979865771812 0.6430545835913596 0.77302299213224 0.001518911754498593
10.671140939597315 0.6436843735320755 0.7770313466930286 0.0003476720023183017
10.872483221476509 0.6443029803588303 0.7807659218391363 0.0007878590349369424
11.073825503355703 0.6449101180460348 0.7842351951807739 0.0005521340411518551
11.275167785234899 0.6455055459560488 0.7874528795288008 4.072017367946914e-05
11.476510067114093 0.6460890679846069 0.7904354531525939 0.004072083484173785
11.677852348993287 0.6466605313100501 0.793200472141248 2.00635138082149e-06
11.879194630872483 0.6472198248011028 0.7957747289953615 0.003118404141573317
12.080536912751677 0.6477668771372411 0.7981644957841019 0.040277573662040884
12.281879194630871 0.6483016546942978 0.8003874012460533 0.00027365403508655017
12.483221476510066 0.6488241592458208 0.802450476644831 0.0020745321083808573
12.684563758389261 0.6493344255280321 0.8043607215971065 0.0010121458444921642
12.885906040268456 0.64983251871297 0.8061219174025925 0.005071280810697401
13.08724832214765 0.6503185318308023 0.8077411694321374 0.0006272568609176698
13.288590604026846 0.6507925831783472 0.8092347188618734 0.0015468134368184124
13.48993288590604 0.651254813746754 0.8106224206237598 0.00015354987552091545
13.691275167785234 0.65170538469707 0.8119215000177444 0.000392033788914706
13.892617449664428 0.6521444749082699 0.8131455038525365 0.0035169787891868483
14.093959731543624 0.6525722786182194 0.8143052117549124 0.020211186520241918
14.295302013422818 0.652989003174157 0.815409516664644 0.0004919758256727316
14.496644295302012 0.6533948669055715 0.8164659638340894 0.001615614316491484
14.697986577181208 0.6537900971289797 0.8174810378489656 6.139160019283629e-05
14.899328859060402 0.6541749282909737 0.8184602947569205 0.0015987865182683658
15.100671140939596 0.654549600253171 0.8194083982990131 0.0007669818828935886
15.30201342281879 0.6549143567202229 0.8203291007754252 0.0008964862503748925
15.503355704697986 0.6552694438099598 0.8212252123184686 0.00024278567480712834
15.70469798657718 0.6556151087629534 0.8220986146326451 0.0021934907139973345
15.906040268456374 0.6559515987873037 0.8229503745787997 0.0034460346656030104
16.10738255033557 0.6562791600332751 0.8237809783563602 0.0028762915120796755
16.308724832214764 0.6565980366914861 0.824590643110298 0.006558985188459479
16.51006711409396 0.6569084702076722 0.8253796105823733 0.0091849709364805
16.711409395973153 0.6572106986065882 0.826148329974017 0.00017012496211078895
16.91275167785235 0.6575049559173066 0.8268974911466689 0.0005989691208114598
17.11409395973154 0.6577914716920916 0.8276279301682614 0.0022271082692700748
17.315436241610737 0.6580704706109983 0.8283404861509449 0.004950374263670377
17.516778523489933 0.6583421721645102 0.8290200609146248 0.0001503041128126278
17.718120805369125 0.6586067904067276 0.829530335621121 0.0008113170582205857
17.91946308724832 0.6588645337719015 0.8301970337132194 0.00532181942285923
18.120805369127517 0.6591156049474836 0.8308497348349583 0.006344152589032051
18.32214765100671 0.6593602007971966 0.8314904189502187 0.0018859910981250823
18.523489932885905 0.6595985123280781 0.8321162963476102 0.004616581059019412
18.7248322147651 0.6598307246958462 0.8327261289101262 0.0006807054615854813
18.926174496644293 0.6600570172433691 0.833318830857237 0.004729235710398483
19.12751677852349 0.6602775635674524 0.8338934832933349 0.0008092102641596418
19.328859060402685 0.6604925316095512 0.8341832945130461 0.00024043537817937342
19.530201342281877 0.6607020837664388 0.8347372117584891 0.00285474355622466
19.731543624161073 0.6609063770172364 0.8352693613868779 0.0001331736565164462
19.932885906040266 0.661105563063571 0.8357804388597779 0.0004321679809255334
20.13422818791946 0.6612997884799747 0.8362711728120767 2.4240911079697188e-05
20.335570469798657 0.6614891948719699 0.8367155888846812 0.0013915290227344006
20.53691275167785 0.6616739190395642 0.8371458463944966 0.02271765139392346
20.738255033557046 0.6618540931441705 0.8373913452200814 0.00023436757854528647
20.93959731543624 0.6620298448772213 0.837823420526732 0.0010071427153753698
21.140939597315434 0.6622012976289648 0.8382357683105212 0.0031865553699521668
21.34228187919463 0.6623685706561658 0.8386305823765834 0.002515857491923013
21.543624161073826 0.662531779247602 0.8390092849993824 0.013276367606493861
21.744966442953018 0.6626910348864401 0.8393730337758141 0.002016782418935693
21.946308724832214 0.6628464454087258 0.8397228848276829 0.003331707482388786
22.147651006711406 0.6629981151573644 0.840059787346283 0.0026085928608931244
22.348993288590602 0.6631461451310853 0.8403845957047823 0.0006763858931377087
22.550335570469798 0.6632906331280263 0.8406980867445271 0.0033547107736660205
22.75167785234899 0.6634316738836282 0.8410009737738385 0.006450725058595099
22.953020134228186 0.6635693592026617 0.8412939164452613 0.00010569444373713517
23.154362416107382 0.6637037780852681 0.8415775275260999 0.0002070559444552629
23.355704697986575 0.6638350168469506 0.84185237760513 0.002684171892530249
23.55704697986577 0.6639631592325458 0.8421189984760222 0.0001321898505828538
23.758389261744966 0.6640882865242167 0.8423778856726979 0.007548416451325338
23.95973154362416 0.6642104776435949 0.8426295004580151 0.013623443927046041
24.161073825503355 0.6643298092481899 0.8428742714669306 0.007635042435209279
24.36241610738255 0.6644463558222606 0.8431125961507793 0.0007264453383492074
24.563758389261743 0.6645601897623302 0.843344842137735 0.002504241867204911
24.76510067114094 0.6646713814575792 0.8435713486006209 0.0012617584798933254
24.96644295302013 0.6647799993653329 0.8437924276990314 0.0004712643310012368
25.167785234899327 0.6648861100819099 0.8440083661356375 3.5996266416019823e-06
25.369127516778523 0.6649897784090666 0.8442194268379828 0.0003696456318279575
25.570469798657715 0.6650910674163023 0.8444258507501322 0.014133566814225037
25.77181208053691 0.6651900384992935 0.8446278586968292 0.000357727144160952
25.973154362416107 0.6652867514346943 0.84482565326896 5.646111346462647e-05
26.1744966442953 0.6653812644315804 0.845019420674168 0.0013987349221309042
26.375838926174495 0.665473634179763 0.8452093324999456 0.00018387710789301637
26.57718120805369 0.6655639158952349 0.845395547346465 0.005094842281624991
26.778523489932883 0.6656521633629607 0.8455782123001363 0.0034097182900520353
26.97986577181208 0.6657384289772517 0.8457574642336416 0.02804860562580176
27.18120805369127 0.665822763779922 0.8459334309314877 0.0199683198303653
27.382550335570468 0.6659052174964356 0.8461062320506036 0.012397709074125865
27.583892617449663 0.6659858385702261 0.8462759799322982 0.03657841429560827
27.785234899328856 0.6660646741953666 0.8464427802853032 0.0032932587249119927
27.98657718120805 0.6661417703477558 0.8466067327601815 0.0015564813731011899
28.187919463087248 0.6662171718149579 0.8467679314340945 0.005738561092055408
28.38926174496644 0.6662909222248519 0.8469264652225322 0.0031673114725809235
28.590604026845636 0.666363064073197 0.8470824182319778 0.004542352429739006
28.79194630872483 0.6664336387502413 0.8472358700649286 0.0017928340169576949
28.993288590604024 0.6665026865664675 0.8473868960865385 0.0006412808997775278
29.19463087248322 0.6665702467775718 0.8475355676604119 5.892590685789512e-05
29.395973154362416 0.66663635760875 0.8476819523597197 0.014772493989918712
29.597315436241608 0.6667010562783692 0.8478261141587315 0.00011977527593423595
29.798657718120804 0.6667643790210818 0.847968113608982 0.0001301055594151619
30.0 0.6668263611104372 0.8481080080035356 0.0024473569994428097
0.0 0.41488908236230476 0.00322694976486657 0.008311258652380851
0.10033444816053512 0.4287959960879677 0.0005973472435024395 0.00854256055994447
0.20066889632107024 0.44168591901216486 0.0009323421420944828 0.0018172455016755528
0.3010033444816054 0.4533443996217777 0.001148699329587435 0.018375756569309266
0.4013377926421405 0.46379586964120234 0.001368342218303297 0.0008541705591768673
0.5016722408026756 0.4731801883009468 0.0015736525993855707 0.0033341968368241523
0.6020066889632107 0.4816434646432161 0.0017605364475818388 0.0003667910156411541
0.7023411371237458 0.4893111396112472 0.0019278010095868288 0.01734567715292612
0.802675585284281 0.49628303361786 0.00207552546434352 0.0005025254536959775
0.9030100334448161 0.5026368762949607 0.002204600599909772 3.577319128096513e-05
1.0033444816053512 0.5084345529660905 0.0023163961302784227 0.0016415182352283277
1.1036789297658862 0.5137273270735561 0.0024125249300978174 0.002772287986279293
1.2040133779264215 0.5185594964099106 0.00249468070062239 0.012459281707064897
1.3043478260869565 0.5229708607048644 0.0025645303446816714 0.0112980157425927
1.4046822742474916 0.5269983868311957 0.002623646326791808 0.010454951619423957
1.5050167224080269 0.530677337635335 0.0026734676766409855 0.0002525038017681163
1.605351170568562 0.5340420504729082 0.0027152810912619554 0.0008104208085290585
1.705685618729097 0.5371264689097642 0.0027502158102246615 0.018564583650100712
1.8060200668896322 0.5399642683737463 0.002779247634396348 0.00018090891721207742
1.9063545150501673 0.5425874125195592 0.0028032087249641826 0.0008724977935299412
2.0066889632107023 0.5450196395150455 0.0028228007555563873 0.0016862720289064536
2.1070234113712374 0.5472647154381919 0.002838609683421387 0.000329030153928289
2.2073578595317724 0.5493113403100316 0.002851120922463082 0.07780229455981487
2.307692307692308 0.5511603186446302 0.0028607340890287854 0.002961145660754569
2.408026755852843 0.5528318777753054 0.002867776783439886 0.00015838834784907328
2.508361204013378 0.5543540405488868 0.002872517088936418 0.02236770963925582
2.608695652173913 0.555753972251089 0.0028751746311025755 0.0021859553277088044
2.709030100334448 0.557055001720352 0.002875930157079628 0.0021939686183265568
2.809364548494983 0.5582762745085541 0.0028749336745375552 0.0009453302310593068
2.9096989966555187 0.5594332516288012 0.0028723112432851115 0.0033774112131464244
3.0100334448160537 0.560538372454681 0.0028681705440444434 0.01145013741783268
3.1103678929765888 0.5616016627036178 0.0028626053646551115 0.0006405835860389487
3.210702341137124 0.5626312344642886 0.0028556991482018247 0.0023130396138951823
3.311036789297659 0.5636336800769102 0.0028475277438043296 0.018490508558893965
3.411371237458194 0.5646143769549513 0.002838161491831706 0.0032307658992592036
3.511705685618729 0.5655777221838555 0.0028276667632250417 0.0036138488999063806
3.6120401337792645 0.5665273132988143 0.0028161070590053488 0.03422894396090509
3.7123745819397995 0.5674660883444492 0.0028035437620257445 0.0012907090632714364
3.8127090301003346 0.5683964352683218 0.0027900366193903733 0.0001762586635873475
3.9130434782608696 0.569320278205325 0.0027756440211875594 1.5543031938592623e-06
4.013377926421405 0.5702391462891558 0.00276042312958631 3.485040534123218e-05
4.11371237458194 0.5711542292028283 0.0027444299020513733 0.004581269551958504
4.214046822742475 0.5720664226518992 0.0027277190434870217 0.0007712275833353583
4.31438127090301 0.5729763662133 0.002710343914482152 0.0032052838735428676
4.414715719063545 0.5738844754907677 0.0026923564164123425 0.00875509688430212
4.51505016722408 0.5747909701183734 0.0026738068688509247 0.023107558574924792
4.615384615384616 0.5756958988348992 0.0026547438904189974 0.0012347691301782071
4.7157190635451505 0.5765991625604066 0.002635214290741882 0.02690133306447382
4.816053511705686 0.577500536120733 0.0026152629784496413 0.010926940596657992
4.916387959866221 0.578399688986342 0.0025949328880431606 0.000757452105722897
5.016722408026756 0.5792962051371934 0.0025742649268512183 0.009720285875142535
5.117056856187291 0.5801896019609715 0.0025532979421182124 0.0026152942154685855
5.217391304347826 0.581079347960446 0.002532068707424632 3.6894736959513755e-06
5.317725752508362 0.5819648789960763 0.0025106119270653393 0.0009179969260311334
5.418060200668896 0.5828456128147922 0.0024889602566525934 0.001454296200398557
5.518394648829432 0.5837209616943293 0.0024671443380102605 0.0006362412122439989
5.618729096989966 0.5845903431372041 0.00244519284634889 0.000857604112426549
5.719063545150502 0.5854531886536529 0.0024231325477250664 0.0015617614252511373
5.819397993311037 0.5863089507598878 0.002400988364866216 0.0022408876037501332
5.919732441471572 0.5871571083772843 0.0023787834495620115 0.0025778030922440852
6.0200668896321075 0.5879971708482288 0.002356539259971987 9.706051854963606e-05
6.120401337792642 0.588828680789502 0.002334275641360533 0.0018550514586229065
6.2207357859531776 0.5896512159911682 0.0023120109089413724 0.0010564110492210846
6.321070234113712 0.5904643905452195 0.002289761931678347 0.004118341768058389
6.421404682274248 0.5912678553597788 0.0022675442160518854 0.006686239750317637
6.521739130434783 0.5920612981861119 0.0022453719889525495 0.00039798023336646464
6.622073578595318 0.5928444432596388 0.002223258279003364 0.004290608567461941
6.722408026755853 0.5936170506341643 0.0022012149957409055 0.027450167261720754
6.822742474916388 0.594378915270861 0.0021792530061993235 0.0016370955981009556
6.923076923076923 0.5951298659300122 0.002157382208545117 0.000658884938642319
7.023411371237458 0.595869763903532 0.0021356116024974494 0.03940540829182063
7.1237458193979935 0.5965985016191095 0.002113949356349065 0.009894301433178081
7.224080267558529 0.5973160011418222 0.0020924028704655206 3.8121212897390136e-05
7.3244147157190636 0.5980222125955931 0.0020709788371997915 0.002954074346444401
7.424749163879599 0.5987171125244456 0.002049683297203212 0.06901543191820184
7.525083612040134 0.5994007022117332 0.0020285216921529245 3.713369168503305e-06
7.625418060200669 0.6000730059741357 0.002007498913946124 0.00010394161452648548
7.725752508361205 0.6007340694460117 0.0019866193504353936 9.912123887235479e-05
7.826086956521739 0.6013839578685336 0.001965886927796772 0.0016630800570684836
7.926421404682275 0.6020227543968938 0.0019453051496362533 0.0005020663873841589
8.02675585284281 0.6026505584376441 0.0019248771329479172 0.009172652406101935
8.127090301003344 0.6032674840269859 0.0019046056410414816 0.0004934582866777786
8.22742474916388 0.603873658259521 0.0018844931135607486 0.002740871920564477
8.327759197324415 0.604469219775641 0.0018645416937112685 0.012678114688640128
8.42809364548495 0.6050543173144097 0.0018447532528141643 0.00010429466664670327
8.528428093645486 0.6056291083374701 0.0018251294123000504 0.00015630988894295604
8.62876254180602 0.6061937577282558 0.001805671563250255 0.004449335606361615
8.729096989966555 0.6067484365695596 0.0017863808835883014 5.197972621716901e-07
8.82943143812709 0.6072933210014175 0.0017672583530213525 0.0005217467531822461
8.929765886287626 0.6078285911602047 0.0017483047658246966 0.0001448077655442792
9.03010033444816 0.6083544301989212 0.0017295207415636538 0.002332768863306516
9.130434782608695 0.6088710233878173 0.0017109067338439297 0.0001286270365074053
9.230769230769232 0.6093785572937825 0.0016924630371874712 0.006232812652023485
9.331103678929766 0.6098772190363061 0.0016741897921357751 0.001242773757458793
9.431438127090301 0.6103671956173068 0.00165608698869534 0.0019273316382901445
9.531772575250836 0.6108486733217144 0.0016381544682544861 0.004200407791911901
9.632107023411372 0.6113218371853472 0.0016203919241239064 0.012587424719969468
9.732441471571907 0.6117868705264169 0.0016027989008794291 0.001181232914009514
9.832775919732441 0.6122439545367928 0.001585374792718797 6.612452594102534e-05
9.933110367892978 0.6126932679290924 0.001568118841080633 0.000421017115829487
10.033444816053512 0.6131349866355934 0.0015510301318144477 0.0030335157224903164
10.133779264214047 0.613569283555023 0.0015341075922322724 0.0017846539991050294
10.234113712374581 0.6139963283432888 0.0015173499884106082 0.00010998054993952048
10.334448160535118 0.6144162872443458 0.001500755923146581 0.000347848929633685
10.434782608695652 0.6148293229575084 0.0014843238349933217 0.007226786227145858
10.535117056856187 0.6152355945376665 0.001468051998809419 0.010852947825603847
10.635451505016723 0.6156352573250251 0.0014519385282422631 0.00133904837590597
10.735785953177258 0.6160284629011893 0.0014359813805294858 0.00033323257490346824
10.836120401337793 0.6164153590685836 0.0014201783639375895 0.0006842306338591581
10.936454849498329 0.6167960898503989 0.0014045271480599764 0.01833752428730824
11.036789297658864 0.617170795508471 0.0013890252770803507 0.006821176274312102
11.137123745819398 0.6175396125766678 0.0013736701859599807 8.279201344534227e-05
11.237458193979933 0.6179026739075696 0.0013584592193523544 0.0007374590353952743
11.33779264214047 0.6182601087304267 0.0013433896528884087 0.0008048526433465457
11.438127090301004 0.618612042718526 0.0013284587163223769 0.0012108756329189936
11.538461538461538 0.6189585980643113 0.001313663617902342 0.0029846911820748784
11.638795986622075 0.6192998935607467 0.0012990015692321943 0.004055113120029434
11.73913043478261 0.6196360446875671 0.0012844698098429198 0.0003899195835371377
11.839464882943144 0.6199671637012208 0.001270065630685336 0.002711860830548259
11.939799331103679 0.6202933597274306 0.0012557863958055266 0.001794289194315948
12.040133779264215 0.6206147388554406 0.0012416295615527654 0.00023454158195768823
12.14046822742475 0.620931404233128 0.0012275926927944045 0.01666693603197543
12.240802675585284 0.6212434561622626 0.0012136734757651805 0.0023319537517179053
12.34113712374582 0.6215509921933011 0.001199869727336686 0.0013006535915069046
12.441471571906355 0.6218541072192014 0.001186179400653895 0.0012798771355310048
12.54180602006689 0.6221528935678046 0.0011726005872310518 0.006057132042273328
12.642140468227424 0.6224474410924182 0.001159131515725701 0.0009188415108939045
12.74247491638796 0.622737837260311 0.001145770547706974 0.00039723078223292475
12.842809364548495 0.6230241672388583 0.001132516170802644 0.0038564627763801227
12.94314381270903 0.6233065139791655 0.0011193669896505433 0.0026708862847684917
13.043478260869566 0.6235849582970121 0.0011063217150921424 0.0038656836790188645
13.143812709030101 0.6238595789510282 0.0010933791520368866 0.0003870017836350974
13.244147157190636 0.6241304527180216 0.0010805381864011697 0.0002615613614574559
13.34448160535117 0.6243976544654357 0.0010677977714829668 0.0003235154982253279
13.444816053511706 0.6246612572209144 0.0010551569140910086 0.002757830327829739
13.545150501672241 0.6249213322389988 0.0010426146606937693 0.009429764949136069
13.645484949832776 0.6251779490649902 0.0010301700838051256 0.002951652371459916
13.745819397993312 0.6254311755960117 0.0010178222687762706 0.0365488194292974
13.846153846153847 0.6256810781393594 0.001005570301121714 0.004501008892000717
13.946488294314381 0.6259277214681901 0.0009934132544700386 0.0029601934117937686
14.046822742474916 0.6261711688746447 0.0009813501792050772 0.005879880111919096
14.147157190635452 0.6264114822204889 0.000969380091840055 0.002978065898221772
14.247491638795987 0.6266487219853679 0.0009575019651591279 0.00217237830493273
14.347826086956522 0.6268829473127683 0.0009457147191586013 0.0014160850027803548
14.448160535117058 0.6271142160537937 0.0009340172128313645 0.0037551837717504236
14.548494983277592 0.6273425848088459 0.0009224082368601484 0.008216482909912852
14.648829431438127 0.6275681089673142 0.000910886507322958 0.0001416605130615635
14.749163879598662 0.6277908427453764 0.000899450660570338 0.00012417505592584127
14.849498327759198 0.6280108392220021 0.0008880992495111705 0.0014356024489590223
14.949832775919733 0.6282281503732575 0.0008768307416497396 0.008429057254212995
15.050167224080267 0.6284428271050064 0.0008656435193582821 0.0022517478234554333
15.150501672240804 0.6286549192840903 0.000854535883054279 0.004042480352111205
15.250836120401338 0.6288644757680794 0.0008435060581910143 6.985628398901278e-05
15.351170568561873 0.6290715444336802 0.0008325522072775272 0.06057806230306672
15.45150501672241 0.629276172203871 0.0008216724485259631 0.004702974147484348
15.551839464882944 0.6294784050738463 0.0008108648831910813 0.00972793384827388
15.652173913043478 0.6296782881358431 0.0008001276342114487 0.0013800135697315398
15.752508361204013 0.629875865602913 0.0007894588993587179 0.00013714137803089434
15.85284280936455 0.6300711808317082 0.0007788570226830246 0.0003306473440175556
15.953177257525084 0.6302642763443415 0.0007683205884746888 0.01021211565455417
16.05351170568562 0.6304551938493742 0.000757848542005198 0.006614338060279418
16.153846153846153 0.6306439742619914 0.0007474403405804348 0.00010596501302990739
16.254180602006688 0.630830657723409 0.0007370961363771613 0.0009573518657912017
16.354515050167226 0.6310152836195623 0.0007268169884387378 0.009138371344239794
16.45484949832776 0.6311978905991216 0.0007166050943666958 0.0005089057003695912
16.555183946488295 0.631378516590873 0.0007064640223252674 0.0002397260641626296
16.65551839464883 0.6315571988204992 0.0006963989116286375 0.022307822316843536
16.755852842809364 0.6317339738268072 0.00068641659787092 0.00067825186153081
16.8561872909699 0.6319088774774195 0.0006765256110978139 0.011277306564234276
16.956521739130434 0.632081944983971 0.0006667359994433946 0.0007248722865605527
17.056856187290972 0.6322532109168385 0.0006570589516572171 0.002055964622318493
17.157190635451506 0.6324227092194201 0.0006475062304297277 0.0006629146231814529
17.25752508361204 0.6325904732219984 0.0006380894758444889 0.0012118214846972583
17.357859531772576 0.6327565356552024 0.0006288194779217795 0.001767407525612991
17.45819397993311 0.6329209286630977 0.0006197055316321862 0.0020071684926860596
17.558528428093645 0.633083683815904 0.0006107549691053127 0.02295341624525765
17.65886287625418 0.6332448321223861 0.0006019729193005431 0.02210978016272809
17.759197324414718 0.6334044040419053 0.0005933622933338766 0.0020594179092484908
17.859531772575252 0.6335624294961661 0.0005849239524422474 0.00019900241597040687
17.959866220735787 0.6337189378806598 0.0005766569950883726 0.0004492377499300075
18.06020066889632 0.6338739580758248 0.0005685590993505829 0.002910329553372845
18.160535117056856 0.6340275184579275 0.0005606268693915539 0.00039105479335931114
18.26086956521739 0.6341796469096824 0.0005528561522027897 0.00015470255253896865
18.361204013377925 0.634330370830613 0.0005452423070525791 0.0011361392579264794
18.461538461538463 0.634479717147168 0.0005377804222662255 0.0034958289156568375
18.561872909698998 0.6346277123225965 0.0005304654816883592 0.0009087893534918162
18.662207357859533 0.6347743823665952 0.0005232924871683038 0.0014326525582828039
18.762541806020067 0.6349197528447271 0.0005162565448535126 0.0032666347755540733
18.862876254180602 0.6350638488876258 0.0005093529229668067 9.604465367042884e-05
18.963210702341136 0.6352066951999864 0.0005025770878784857 0.0012016457208445905
19.06354515050167 0.6353483160693448 0.000495924724141223 0.002661914478433939
19.16387959866221 0.6354887353746658 0.0004893917429733089 0.015097715110420157
19.264214046822744 0.6356279765947246 0.00048297428267512306 0.0003789697597709885
19.36454849498328 0.6357660628163008 0.0004766687035750141 1.622001276444563e-05
19.464882943143813 0.6359030167421831 0.0004704715794272161 0.002628148134736832
19.565217391304348 0.6360388606989907 0.00046437968665615496 0.0008111157120594124
19.665551839464882 0.6361736166448121 0.0004583899924293647 0.00011365589568203141
19.765886287625417 0.6363073061766708 0.00045249964225478 0.0028933306015528613
19.866220735785955 0.6364399505378121 0.00044670594757128135 0.0010097889217679631
19.96655518394649 0.6365715706248284 0.0004410063736439273 0.0006581429813806962
20.066889632107024 0.6367021869946059 0.00043539852796626487 0.0020551051499676297
20.16722408026756 0.6368318198711179 0.00042988014928486414 0.0032395318712705383
20.267558528428093 0.6369604891520507 0.000424449097311205 0.0007214278822456456
20.367892976588628 0.6370882144152736 0.0004191033431426533 0.0028479268799384873
20.468227424749163 0.6372150149251531 0.0004138409603909761 0.00025925401519945454
20.5685618729097 0.6373409096387108 0.00040866011699776324 0.0021605311605734953
20.668896321070235 0.6374659172116396 0.00040355906770894756 0.001444905842075124
20.76923076923077 0.6375900560041601 0.00039853614716736386 0.0010160329585668735
20.869565217391305 0.6377133440867423 0.00039358976358802036 0.0016765203403153698
20.96989966555184 0.6378357992456757 0.0003887183929728657 0.0011373778294160133
21.070234113712374 0.6379574389885073 0.00038392057382417215 1.6497573084219615e-06
21.17056856187291 0.6380782805493352 0.0003791949023192415 0.008055702661788738
21.270903010033447 0.6381983408939668 0.00037454002790683676 8.164186988718854e-05
21.37123745819398 0.6383176367249475 0.00036995464929162175 0.0004858757670353416
21.471571906354516 0.6384361844864527 0.00036543751077346815 2.587235022850361e-05
21.57190635451505 0.6385540003690566 0.0003609873989099182 0.04635361659595127
21.672240802675585 0.6386711003143675 0.00035660313947485423 0.00024502210960373794
21.77257525083612 0.638787500019546 0.00035228359468707205 0.0003005043581123653
21.872909698996658 0.6389032149416908 0.0003480276606848815 0.0012733648038633846
21.973244147157192 0.639018260302117 0.00034383426522387417 0.002671595051594755
22.073578595317727 0.6391326510905033 0.00033970236557952845 0.0002541353949779871
22.17391304347826 0.6392464020689334 0.00033563094663556194 0.006433085827137131
22.274247491638796 0.6393595277758146 0.0003316190191406879 0.0012597879607041658
22.37458193979933 0.6394720425296928 0.00032766561811979774 0.010184194263948126
22.474916387959865 0.6395839604329497 0.00032376980142491917 0.0012346078112365991
22.575250836120404 0.6396952953754013 0.00031993064841355777 9.587158215383972e-05
22.67558528428094 0.6398060610377782 0.00031614725874279934 0.0009851853358131917
22.775919732441473 0.6399162708951157 0.00031241875126867093 1.2175290333122647e-05
22.876254180602007 0.6400259382200298 0.00030874426304145446 0.01795348511163183
22.976588628762542 0.6401350760859039 0.0003051229483881983 0.000792866396954354
23.076923076923077 0.6402436973699673 0.0003015539780739598 0.0025270472013696195
23.17725752508361 0.6403518147562864 0.00029803653853529855 0.013621723662589756
23.27759197324415 0.6404594407386555 0.0002945698311792763 0.007561675487906237
23.377926421404684 0.6405665876233981 0.00029115307174171055 0.005639703360940194
23.47826086956522 0.6406732675320779 0.0002877854896991972 0.0007259144838965522
23.578595317725753 0.6407794924041197 0.0002844663277308104 0.0012861155937619784
23.678929765886288 0.6408852739993427 0.00028119484122370573 0.001846393047965197
23.779264214046822 0.6409906239004124 0.0002779702978194336 0.0013972875493837645
23.879598662207357 0.6410955535152042 0.0002747919769971187 0.004970934413806605
23.979933110367895 0.641200074079089 0.0002716591696896252 0.0028208674283255997
24.08026755852843 0.6413041966571389 0.00026857117793025533 0.0035483025631489057
24.180602006688964 0.6414079321462519 0.0002655273145266974 0.018493541310133883
24.2809364548495 0.6415112912772006 0.00026252690276004794 0.01079819452269656
24.381270903010034 0.6416142846166097 0.0002595692761061739 0.0055548327766431985
24.48160535117057 0.641716922568858 0.0002566537779778002 0.020699926818694328
24.581939799331103 0.6418192153779055 0.0002537797614849543 0.003945680987271878
24.68227424749164 0.6419211731290568 0.00025094658921201804 0.0004961715278999015
24.782608695652176 0.6420228057506507 0.00024815363301069685 0.0027651308076194047
24.88294314381271 0.6421241230156876 0.00024540027380609477 0.0009289552462984714
24.983277591973245 0.6422251345433865 0.0002426859014153789 0.0005157894527823059
25.08361204013378 0.6423258498006837 0.00024000991437817513 0.0034106607854065022
25.183946488294314 0.6424262781036656 0.00023737171979674115 0.0017007462065546989
25.28428093645485 0.6425264286189415 0.00023477073318546048 0.00013457280369524402
25.384615384615387 0.6426263103649594 0.00023220637832913665 0.007925352721758734
25.48494983277592 0.6427259322132598 0.00022967808714812387 0.018398093561044104
25.585284280936456 0.6428253028896797 0.00022718529957101207 0.00039993081280192337
25.68561872909699 0.6429244309754945 0.0002247274634130988 0.0002614393895032324
25.785953177257525 0.6430233249085129 0.000222304034260647 0.01499774415800778
25.88628762541806 0.6431219929841143 0.00021991447536005412 7.402037512097034e-06
25.986622073578594 0.6432204433562432 0.0002175582575116135 0.00027784053641264635
26.086956521739133 0.643318684038345 0.00021523485896754745 7.546622435108654e-05
26.187290969899667 0.6434167229042644 0.00021294376533388245 0.0034378658359164077
26.287625418060202 0.6435145676890883 0.00021068446947522586 2.124311051954625e-05
26.387959866220736 0.6436122259899498 0.00020845647142296312 0.0003000400681583257
26.48829431438127 0.6437097052667884 0.00020625927828641312 0.00039632700347450413
26.588628762541806 0.6438070128430647 0.0002040924041659159 0.014051566638468583
26.68896321070234 0.6439041559064371 0.00020195537006884235 0.017358109368022002
26.78929765886288 0.6440011415094008 0.00019984770382689023 0.000599509308096032
26.889632107023413 0.6440979765698832 0.0001977689400162462 8.603620170472568e-05
26.989966555183948 0.6441946678718092 0.00019571861987842146 5.657840792459204e-05
27.090301003344482 0.6442912220656278 0.0001936962912433863 0.0024456079255036193
27.190635451505017 0.6443876456688036 0.00019170150845369734 3.1448165200118147e-05
27.29096989966555 0.64448394506628 0.00018973383229008414 0.00023547757640427158
27.391304347826086 0.6445801265109083 0.00018779282989802876 1.5192158234659042e-05
27.491638795986624 0.6446761961238456 0.00018587807471580656 0.001242625635862671
27.59197324414716 0.644772159894929 0.000183989146402959 6.448006711291789e-05
27.692307692307693 0.644868023683019 0.00018212563077024712 0.0014478251326315512
27.792642140468228 0.6449637932163167 0.00018028711971004936 7.596398598299762e-06
27.892976588628763 0.6450594740926592 0.00017847321112763912 2.2512800180217924e-05
27.993311036789297 0.6451550717797907 0.00017668350887336176 0.0036788617592982257
28.093645484949832 0.6452505916156123 0.00017491762267512088 6.681332847556357e-05
28.19397993311037 0.6453460388084096 0.00017317516807197872 0.00031046825283307847
28.294314381270905 0.6454414184370638 0.00017145576634809557 0.0002646270053752774
28.39464882943144 0.6455367354512445 0.00016975904446711325 0.005593070457916235
28.494983277591974 0.6456319946715844 0.00016808463500727955 0.0006992027459104147
28.59531772575251 0.6457272007898409 0.0001664321760972272 0.0008979732710896045
28.695652173913043 0.6458223583690446 0.0001648013113518957 3.7917156664746595e-05
28.795986622073578 0.6459174718436338 0.00016319168980913348 0.0017465757822937248
28.896321070234116 0.6460125455195793 0.00016160296586693602 0.01539651082620704
28.99665551839465 0.6461075835744983 0.0001600347992206556 0.015410034751832682
29.096989966555185 0.6462025900577633 0.00015848685480134776 0.005939801732060435
29.19732441471572 0.6462975688906009 0.00015695880271376287 0.00025145965149085697
29.297658862876254 0.6463925238661851 0.00015545031817545447 0.001145539338296288
29.39799331103679 0.6464874586497293 0.00015396108145606649 0.0035661517757971436
29.498327759197323 0.6465823767785742 0.00015249077781673937 0.00023302452584473302
29.59866220735786 0.6466772816622741 0.0001510390974504958 0.00021346568117437654
29.698996655518396 0.6467721765826828 0.00014960573542268147 0.0005872936285129495
29.79933110367893 0.6468670646940415 0.00014819039161167633 7.212743782929097e-05
29.899665551839465 0.6469619490230697 0.00014679277065061196 0.005520550380035476
30.0 0.6470568324690589 0.00014541258186877 0.0009353648294525854
