0.0 0.7638832884731286 0.8292815419231641 0.3635340405859404
0.20161290322580644 0.7953751866921684 0.8666795948438405 0.46232402092786035
0.4032258064516129 0.8114730194844666 0.8895589912665356 0.5469842964891319
0.6048387096774193 0.8197759726969222 0.9044189587615447 0.6117098831656294
0.8064516129032258 0.8254047428912951 0.9146284920230656 0.6612562626242903
1.0080645161290323 0.8298332329267528 0.9220073956514385 0.6999967034876886
1.2096774193548385 0.8335661030479754 0.9276083758362276 0.7302321858615171
1.411290322580645 0.8368085751910166 0.9320684280199129 0.7540729204061866
1.6129032258064515 0.8396564861819147 0.9357794473724275 0.7734668289920563
1.814516129032258 0.8421625567841607 0.9389837857981209 0.7898265096544255
2.0161290322580645 0.8443622984604418 0.9418322857039975 0.8040938996730859
2.217741935483871 0.8462845434897176 0.9444200693759476 0.8168996458792951
2.419354838709677 0.8479555870879583 0.9468084348659169 0.8286819067496984
2.6209677419354835 0.8494005819834408 0.9490381159196744 0.8397558770215174
2.82258064516129 0.8506437683761099 0.9511372423937101 0.8503439448379313
3.0241935483870965 0.8517082533107859 0.9531260736599805 0.8605749057624084
3.225806451612903 0.8526156628144321 0.9550197771498697 0.8704676481815768
3.4274193548387095 0.8533858071676853 0.9568300348656877 0.8799505981775739
3.629032258064516 0.8540364129866864 0.9585659629804769 0.8889403324823886
3.8306451612903225 0.8545829373226016 0.960234644052892 0.8973960971684175
4.032258064516129 0.8550384678530982 0.9618414525738282 0.9053157484997806
4.233870967741935 0.8554137206176526 0.9633902790761104 0.9127141910185432
4.435483870967742 0.8557171674680869 0.9648837126443415 0.9196085279166669
4.637096774193548 0.8559553494006863 0.9663232164256317 0.9260127813262894
4.838709677419354 0.8561334340915805 0.9677093168821412 0.931938834658994
5.040322580645161 0.8562560151807339 0.9690418179001472 0.9373996148766853
5.241935483870967 0.8563280049222894 0.9703200410772947 0.9424117992812815
5.443548387096774 0.8563553104581629 0.971543082525288 0.9469969474125869
5.64516129032258 0.8563449790681075 0.9727100663432222 0.9511811069241471
5.846774193548387 0.8563047468637284 0.9738203690343461 0.9549934541595827
6.048387096774193 0.8562422581574102 0.9748737903147766 0.9584645892736536
6.25 0.8561643489493798 0.9758706541437946 0.9616249518025818
6.451612903225806 0.8560766424675433 0.9768118365620624 0.9645036207660995
6.653225806451612 0.8559834757718338 0.9776987296253324 0.9671275933885929
6.854838709677419 0.85588804195586 0.9785331595016619 0.969521518721797
7.056451612903225 0.855792617809019 0.9793172799227164 0.971707786959309
7.258064516129032 0.8556987908231053 0.9800534602299567 0.9737068285097141
7.459677419354838 0.855607647324765 0.9807441822296122 0.9755374593364273
7.661290322580645 0.8555199141871538 0.9813919541718474 0.9772171328896868
7.862903225806451 0.8554360604119398 0.9819992450002349 0.9787620267371202
8.064516129032258 0.8553563685083543 0.9825684383333335 0.9801869786249575
8.266129032258064 0.8552809846935188 0.9831018035157024 0.9815053500009645
8.46774193548387 0.8552099547248135 0.9836014802078543 0.9827289081261559
8.669354838709676 0.855143250051054 0.9840694729547332 0.9838677880001255
8.870967741935484 0.8550807873551367 0.984507652601906 0.984930551118398
9.07258064516129 0.8550224434626068 0.9849177620421513 0.9859243245488574
9.274193548387096 0.8549680668883162 0.9853014244019831 0.9868549894869413
9.475806451612902 0.8549174868591526 0.9856601523301605 0.987727389059654
9.677419354838708 0.8548705203858191 0.9859953574956155 0.9885455327114069
9.879032258064516 0.8548269777936317 0.9863083597390575 0.9893127830675953
10.080645161290322 0.8547866670192223 0.9866003955645176 0.990032018017679
10.282258064516128 0.8547493969118141 0.9868726258232166 0.9907057653816999
10.483870967741934 0.8547149797298578 0.9871261425508061 0.9913363103603167
10.685483870967742 0.8546832329882811 0.9873619749863789 0.9919257776225386
10.887096774193548 0.8546539807838343 0.9875810948401095 0.9924761908200469
11.088709677419354 0.8546270547035756 0.9877844208955531 0.9929895128084533
11.29032258064516 0.8546022944030295 0.9879728230391978 0.9934676700461765
11.491935483870966 0.8545795479250792 0.9881471258085325 0.9939125646030348
11.693548387096774 0.8545586718177036 0.9883081115438387 0.9943260769912177
11.89516129032258 0.8545395310978529 0.9884565232200945 0.9947100626770254
12.096774193548386 0.8545219990996951 0.9885930670251561 0.9950663446919695
12.298387096774192 0.8545059572379847 0.9887184147394567 0.9953967042857318
12.5 0.8544912947110819 0.9888332059613354 0.995702871094375
12.701612903225806 0.8544779081630766 0.9889380502110482 0.9959865138679662
12.903225806451612 0.8544657013202782 0.9890335289357624 0.9962492324331079
13.104838709677418 0.8544545846139755 0.9891201974275294 0.9964925512672628
13.306451612903224 0.8544444747985872 0.9891985866567085 0.9967179148332903
13.508064516129032 0.8544352945721435 0.9892692050147426 0.9969266846584686
13.709677419354838 0.854426972204262 0.9893325399530307 0.9971201380329291
13.911290322580644 0.8544194411753577 0.9893890594992112 0.9972994681371037
14.11290322580645 0.8544126398297316 0.9894392136288503 0.9974657853760507
14.314516129032258 0.8544065110442906 0.9894834354697171 0.9976201196908916
14.516129032258064 0.8544010019139695 0.9895221423176149 0.9977634236263013
14.71774193548387 0.8543960634544048 0.9895557364472436 0.9978965759518192
14.919354838709676 0.8543916503219899 0.9895846057084655 0.9980203856590439
15.120967741935482 0.8543877205511609 0.9896091239072324 0.9981355961832058
15.32258064516129 0.8543842353085139 0.989629650980483 0.9982428897238728
15.524193548387096 0.8543811586632067 0.9896465329846443 0.9983428915642489
15.725806451612902 0.8543784573729821 0.989660101926989 0.9984361743107649
15.927419354838708 0.8543761006850819 0.9896706754769615 0.99852326199413
16.129032258064516 0.8543740601512602 0.9896785566000138 0.998604633989557
16.33064516129032 0.8543723094561121 0.9896840331588238 0.9986807287276176
16.532258064516128 0.8543708242579063 0.9896873775260416 0.9987519471783914
16.733870967741936 0.854369582041134 0.9896888462488793 0.9988186561004472
16.93548387096774 0.8543685619800027 0.9896886797996598 0.9988811910531064
17.137096774193548 0.8543677448121371 0.9896871024384296 0.9989398591756713
17.338709677419352 0.8543671127217644 0.9896843222048485 0.998994941741112
17.54032258064516 0.8543666492317239 0.9896805310475695 0.9990466964943915
17.741935483870968 0.8543663391036479 0.9896759050910097 0.9990953597873707
17.943548387096772 0.8543661682457196 0.9896706050322734 0.9991411485232683
18.14516129032258 0.8543661236274397 0.9896647766553637 0.9991842619241309
18.346774193548384 0.8543661932008775 0.9896585514459344 0.9992248831348224
18.548387096774192 0.854366365827912 0.989652047287545 0.9992631806767789
18.75 0.8543666312130018 0.9896453692195691 0.9992993097642997
18.951612903225804 0.8543669798410646 0.9896386102373124 0.9993334134955086
19.153225806451612 0.8543674029200676 0.9896318521162106 0.9993656239294092
19.354838709677416 0.8543678923279658 0.9896251662438885 0.9993960630596471
19.556451612903224 0.8543684405636458 0.9896186144461662 0.9994248436948271
19.758064516129032 0.8543690407015723 0.9896122497954779 0.9994520702544305
19.959677419354836 0.8543696863498373 0.9896061173925467 0.9994778394885828
20.161290322580644 0.8543703716113599 0.9896002551143758 0.999502241129236
20.362903225806452 0.8543710910479785 0.9895946943235665 0.9995253584795706
20.564516129032256 0.8543718396472194 0.9895894605357126 0.9995472689478216
20.766129032258064 0.8543726127915292 0.9895845740430235 0.999568044531108
20.96774193548387 0.854373406229785 0.9895800504935246 0.9995877522542916
21.169354838709676 0.854374216050896 0.9895759014260719 0.9996064545683842
21.370967741935484 0.8543750386593503 0.989572134762157 0.9996242097125765
21.57258064516129 0.8543758707525406 0.9895687552559875 0.9996410720435143
21.774193548387096 0.8543767092997452 0.9895657649047043 0.9996570923350988
21.9758064516129 0.8543775515226287 0.9895631633208444 0.9996723180517271
22.177419354838708 0.8543783948771575 0.989560948069315 0.9996867935976006
22.379032258064516 0.854379237036805 0.9895591149712039 0.999700560544431
22.58064516129032 0.8543800758769716 0.98955765837678 0.999713657839659
22.782258064516128 0.8543809094605079 0.9895565714099902 0.9997261219970547
22.983870967741932 0.8543817360242717 0.989555846186704 0.9997379872713824
23.18548387096774 0.8543825539666328 0.9895554740088681 0.9997492858186408
23.387096774193548 0.8543833618358623 0.9895554455366261 0.9997600478432325
23.588709677419352 0.8543841583193359 0.9895557509403523 0.9997703017332698
23.79032258064516 0.8543849422334975 0.9895563800344167 0.999780074185105
23.991935483870968 0.8543857125145148 0.9895573223944002 0.9997893903180711
24.193548387096772 0.8543864682095954 0.9895585674593321 0.9997982737803003
24.39516129032258 0.8543872084688966 0.9895601046204311 0.9998067468464202
24.596774193548384 0.8543879325379997 0.9895619232976914 0.9998148305078356
24.798387096774192 0.8543886397509014 0.9895640130055768 0.9998225445562389
25.0 0.8543893295234851 0.9895663634089461 0.9998299076609297
